Weights:
[array([-0.04205875, -0.06775574,  0.08593953,  0.06146705,  0.02590396,
        0.06649069,  0.06046848, -0.06278972,  0.0785118 , -0.05895649]), array([ 0.06148636,  0.07921826, -0.03639925, -0.07799187, -0.05447284,
       -0.01456768,  0.06362613,  0.07206992, -0.09860957,  0.00245119]), array([-2.96905041e-02, -5.55784379e-02, -7.60263837e-02, -6.21269460e-02,
        2.70561025e-02,  4.10136512e-02,  3.06794137e-03,  3.05955341e-04,
       -2.72740795e-02,  4.57513737e-01]), array([ 0.08870993, -0.04964354, -0.00055022, -0.04005511, -0.04629107,
       -0.11437928,  0.02168425, -0.00241978, -0.08970425, -0.09440909]), array([ 0.08165176, -0.05208762, -0.07102103, -0.00210945,  0.09709969,
       -0.05155779,  0.03444421,  0.05228379, -0.05247249,  0.04591732]), array([-0.03400785,  0.02646117,  0.02670594, -0.0016911 , -0.1082135 ,
        0.09073586, -0.03606777, -0.08029687, -0.09184497,  0.12041508]), array([ 0.03551287, -0.09668243,  0.00241861, -0.05470084,  0.02903456,
       -0.06512671,  0.03818755, -0.02265293,  0.087346  , -0.07249581]), array([-0.03179137, -0.0773053 ,  0.08493933,  0.0613404 , -0.05796072,
        0.0298854 ,  0.06345942,  0.00849966,  0.00593012, -0.03981716]), array([-0.08137945,  0.07944315,  0.08008361,  0.02662029, -0.03219404,
       -0.03015809,  0.04519114,  0.07942205,  0.07741728,  0.05597511]), array([ 0.01705763, -0.08317201, -0.06767416,  0.05452389, -0.00754742,
       -0.2362221 , -0.07987305,  0.00665113, -0.09898768, -0.10943715])] 

 Bias:
[array([-0.00078425]), array([0.]), array([4.21590459e-07]), array([-0.00236239]), array([-0.00881794]), array([0.04919484]), array([2.22322092e-05]), array([-0.00293009]), array([0.]), array([0.23257773])]