Weights:
[array([-0.02655522,  0.09014026,  0.62357532, -0.0610307 , -0.06838408,
        0.13224811, -0.08838328,  0.0703957 ,  0.020223  , -0.14350128]), array([-0.09583345,  0.09398202,  0.07882542, -0.05955641, -0.06362045,
       -0.05871839, -0.03915155,  0.0048799 , -0.013611  , -0.04601078]), array([ 0.02228823, -0.07210148, -0.01361   , -0.03032417, -0.00876737,
        0.06680268, -0.06006524,  0.00267277,  0.01848291, -0.09964796]), array([ 0.01978927, -0.06590759,  0.08353509,  0.0762996 ,  0.09385861,
        0.11154389, -0.03907725, -0.08347655,  0.03684661, -0.06278429]), array([-0.07559908, -0.0009646 , -0.0909503 ,  0.08155979, -0.04824135,
        0.03325118, -0.03765778,  0.00399605,  0.00934206, -0.06369932]), array([ 0.107272  ,  0.05503567,  0.02924292,  0.12832735,  0.01999062,
        0.07801967, -0.0823015 , -0.07457261, -0.09095454, -0.06302056]), array([-0.01543452, -0.04569852,  0.02261715, -0.01754668, -0.04160634,
       -0.02340798, -0.07181516,  0.01056754, -0.08508987,  0.09463819]), array([ 0.05420089, -0.0602565 , -0.00140376,  0.05040385,  0.04143069,
        0.07975561,  0.05425407, -0.0856552 , -0.02830685, -0.10836018]), array([ 0.07179006,  0.02466152,  0.2843077 , -0.12812535, -0.03761607,
        0.07593888,  0.04592124,  0.02601231,  0.07744255, -0.10872609]), array([-0.07624135,  0.04264838,  0.10141745,  0.00581636,  0.05421493,
        0.01589309,  0.00454657, -0.01474009, -0.09491617, -0.09430708]), array([-0.09701235,  0.02728883,  1.29712045, -0.16920013,  0.08221   ,
        0.41615954, -0.01792342,  0.04570332, -0.05424037, -0.51970022])] 

 Bias:
[array([-0.0002507]), array([3.75578619e-07]), array([0.09874745]), array([-0.0128476]), array([5.96365817e-05]), array([0.03439609]), array([0.]), array([-0.00046798]), array([0.]), array([-0.03194658])]