Weights:
[array([ 0.00974669,  0.03837849,  0.03029502, -0.05417276,  0.04353448,
       -0.05135506, -0.03492018,  0.04929828,  0.02976501,  0.06984353]), array([ 0.03152258,  0.01366172, -0.08126505, -0.02645684, -0.04695953,
       -0.05120207,  0.09460211, -0.02138046,  0.07840931,  0.02622773]), array([ 0.05896225,  0.00052742,  0.01538078, -0.00149629, -0.06095127,
        0.04449051, -0.04384555, -0.09513681,  0.02909446, -0.06457796]), array([ 0.0875582 ,  0.08734004,  0.07772645, -0.02576259, -0.09654903,
        0.08809042, -0.01534068,  0.08978927,  0.08903132,  0.06909246]), array([-0.04162912, -0.0257178 ,  0.06282923, -0.03477492, -0.06164887,
        0.01755212,  0.08565928,  0.03501574,  0.00755817, -0.08157758]), array([ 0.02300145,  0.09658369, -0.0794553 ,  0.07077313,  0.15013241,
        0.12796098,  0.03867226,  0.04049682, -0.0351194 , -0.04128163]), array([0.06187113, 0.06202005, 0.07340094, 0.08267973, 0.00230589,
       0.00033966, 0.05965722, 0.0299919 , 0.04038566, 0.05915208]), array([ 0.07738187, -0.03539364, -0.03289634, -0.07784829,  0.02432954,
       -0.08402214, -0.00903279,  0.00370449, -0.05292645,  0.01702121]), array([-0.09389995, -0.09253036,  0.06452011, -0.02796187, -0.0745879 ,
        0.00444865,  0.05399871, -0.05683579,  0.0245781 , -0.08293051]), array([-0.08986962, -0.01740739,  0.01016144,  0.24414447,  0.27349012,
        0.31545464, -0.00643622, -0.03746066,  0.00873863, -0.04593515])] 

 Bias:
[array([-0.00089146]), array([-0.01196272]), array([-0.03028232]), array([0.28690823]), array([0.32633974]), array([0.3454942]), array([-0.00756067]), array([-0.00685165]), array([-0.05795692]), array([-0.00162436])]