Weights:
[array([ 0.02981203,  0.04982021, -0.01161908, -0.09089181,  0.0230871 ,
       -0.03897539, -0.00364847, -0.09272426, -0.01682991, -0.00222629]), array([ 0.01104624,  0.05535705, -0.07231893,  0.0654584 , -0.17931416,
       -0.00994421, -0.12843753,  0.20726573, -0.11893102, -0.02567729]), array([ 0.07105382,  0.00031565,  0.16238027,  0.13086229, -0.11036204,
       -0.12194189,  0.10780726, -0.01063532, -0.05878   ,  0.05254836]), array([ 0.03935441, -0.0860453 , -0.01429337, -0.04345572,  0.16273793,
        0.03900068, -0.10669194,  0.11757696, -0.07193251,  0.01919213]), array([-0.12580777, -0.07317753,  0.03749955,  0.13490292, -0.1109522 ,
       -0.00382481, -0.04676811, -0.02572723, -0.07756545,  0.05940977]), array([-0.08343842,  0.13860261, -0.01136678,  0.06809742,  0.02154   ,
        0.11902882, -0.03354005, -0.02906557,  0.03939121, -0.11098488]), array([ 0.09870826, -0.03475152, -0.0705744 ,  0.07317684, -0.06239403,
        0.01187069,  0.09490777,  0.0844019 , -0.04370455,  0.11067868]), array([-0.00442178,  0.01847728, -0.0563937 , -0.0096511 ,  0.01218768,
       -0.01845154,  0.04995674, -0.05074264,  0.01669816, -0.0022014 ]), array([ 0.06232459,  0.05708266, -0.03264396, -0.02894912,  0.07062111,
       -0.04918868,  0.00349965,  0.01739224, -0.07944783,  0.04621005]), array([-0.03533928,  0.0694991 , -0.06924129, -0.02048022,  0.01905517,
        0.08643595, -0.06348282,  0.08925077,  0.00116656,  0.06851595]), array([ 0.13039445,  0.00308258, -0.0975529 ,  0.03633434,  0.00512722,
        0.06349632,  0.08477065, -0.02903895, -0.0774002 ,  0.10525669]), array([-0.01482401, -0.01128286, -0.04312277, -0.05206039,  0.032934  ,
        0.06473273,  0.06301683, -0.11493347, -0.02004146, -0.03792321]), array([-0.07400318, -0.07472011,  0.03281923,  0.05688141,  0.08137991,
        0.08514546, -0.02024208,  0.01471684,  0.06890308, -0.01003643]), array([-0.03884131, -0.08225496,  0.03960764, -0.05161798, -0.07953466,
        0.00523417, -0.00692718,  0.04578102,  0.03653834, -0.07870946]), array([ 0.00219365, -0.00473261,  0.01497181, -0.07443516,  0.08909345,
       -0.1191103 , -0.02973318, -0.03753266,  0.10737364,  0.09040295]), array([ 0.09129447,  0.05476165,  0.0017692 , -0.01332283,  0.0045672 ,
       -0.06759834, -0.06371932, -0.09588481,  0.02672558, -0.02228986]), array([ 0.00756881, -0.00969146, -0.03214254, -0.02782291, -0.0727101 ,
       -0.09586995,  0.01122147,  0.06324969,  0.03769805, -0.0588724 ]), array([-0.08951946, -0.08561162, -0.09300185,  0.04655856,  0.0482031 ,
        0.09439098,  0.03065702, -0.00198163, -0.0918709 , -0.02511871]), array([-0.03452681,  0.03733955,  0.00521219, -0.04267446,  0.18281298,
       -0.06662737,  0.09291771, -0.102291  ,  0.11986328,  0.11168468]), array([ 0.08384738,  0.10427266,  0.07452478,  0.09685751, -0.0993974 ,
        0.06068955, -0.05907328,  0.05279464, -0.1459484 , -0.06545734]), array([ 0.07712003,  0.08882179,  0.07290452, -0.03519343, -0.04696086,
       -0.01303786,  0.0028758 , -0.07025831,  0.01553483,  0.04285889]), array([-0.08996627,  0.0342237 , -0.08996895, -0.05295232, -0.10589955,
       -0.00432945,  0.06855014,  0.07640562, -0.09569994, -0.0261181 ]), array([-0.08932112, -0.06026118, -0.04482906,  0.03314384,  0.02549463,
       -0.03308321,  0.01773566, -0.03171152,  0.10302445,  0.04237963]), array([-0.06194626, -0.09148157, -0.05317258,  0.0383288 , -0.09444394,
        0.07232764,  0.08910441,  0.04728437,  0.06490048,  0.0819082 ]), array([ 0.02891902, -0.0156341 , -0.05269674, -0.03319893,  0.04894072,
        0.03278157,  0.05050809,  0.06291781, -0.0205131 ,  0.06999432]), array([ 0.1211457 , -0.0464043 , -0.03284026, -0.00598461,  0.05876646,
       -0.09804121,  0.06110352, -0.07651416, -0.0558213 , -0.05889891]), array([ 0.04219333,  0.04375829,  0.10157821, -0.04791866, -0.05926813,
       -0.03942554,  0.03034482, -0.07511941, -0.0430168 , -0.0397886 ]), array([-0.06417102, -0.03963258, -0.08132474,  0.01474489, -0.01643641,
       -0.06820861,  0.01968155,  0.07251032,  0.09652416, -0.11515835]), array([-0.05634252,  0.07137506,  0.05747521,  0.04028476, -0.01974448,
        0.04773368,  0.22482614, -0.11317009, -0.03051391, -0.11566385]), array([ 0.01318442, -0.09261208,  0.08067345,  0.03095473,  0.1035923 ,
       -0.02470693,  0.09880008,  0.01625819,  0.0882274 , -0.05957433]), array([ 0.06021291,  0.02148909,  0.03663368, -0.04742952, -0.05393778,
        0.07704718, -0.02261128, -0.02261192,  0.00268814,  0.0395031 ]), array([-0.08765814, -0.06114673,  0.04416521, -0.03259604,  0.05683866,
        0.0406228 ,  0.06785418, -0.0372282 ,  0.09989482, -0.06761346]), array([ 0.09081203, -0.03262463, -0.05981535,  0.10437478, -0.01404955,
        0.03623897,  0.10140034,  0.01194729,  0.10066699,  0.0820114 ]), array([ 0.09603095, -0.02049014,  0.05527976, -0.03172878,  0.0068616 ,
        0.09190911,  0.10752236,  0.02713169, -0.04898437,  0.04057235]), array([-0.08352095, -0.01382068,  0.10599359, -0.11498216, -0.12669575,
       -0.05818163,  0.02707636, -0.0013325 ,  0.06354269,  0.02959031]), array([ 0.082587  ,  0.09211901,  0.06517588,  0.08470996,  0.03480463,
       -0.0992083 ,  0.06759352,  0.02648294,  0.08188025,  0.0705949 ]), array([-0.1170859 , -0.08805661,  0.06136827, -0.0553783 ,  0.16069896,
        0.11435287, -0.02650459, -0.0332081 , -0.07652334, -0.01225549]), array([ 0.01024812,  0.09786597, -0.02317655,  0.08113374, -0.00843683,
        0.03161449,  0.00311334, -0.09687044, -0.01263336,  0.05060896]), array([ 0.05111138, -0.03589609, -0.11680645, -0.09565969, -0.03942871,
        0.02806661, -0.14059306,  0.12267292,  0.03293972,  0.11360466]), array([-0.05643046, -0.06318075,  0.0125752 , -0.01712441, -0.07898541,
       -0.00911591, -0.03828008, -0.05472747, -0.0766817 ,  0.03219569]), array([ 0.00982833, -0.04421501, -0.04723725, -0.08258561,  0.07376485,
        0.04546483,  0.04078008,  0.08991381, -0.07788855, -0.06456064]), array([-0.07598266,  0.04416262,  0.05540944,  0.09857855,  0.12486004,
        0.04635175, -0.1319387 ,  0.048962  ,  0.05503884,  0.1186037 ]), array([-0.0438823 , -0.0596669 , -0.02649412, -0.09379556,  0.00254407,
        0.09119339,  0.02365655, -0.09195275,  0.0736472 , -0.08321184]), array([ 0.05612899,  0.01158007, -0.04558507, -0.09317008,  0.05147422,
       -0.00103945, -0.00691723, -0.050899  , -0.07604567,  0.03950712]), array([ 0.05457231,  0.03478676,  0.05177216, -0.09977679,  0.03448086,
       -0.04923872,  0.04580801, -0.066194  ,  0.00720455, -0.04274987]), array([ 0.09221579,  0.07844493, -0.03102615, -0.00983879, -0.0246772 ,
       -0.0722138 ,  0.00034421, -0.08279094,  0.0361249 , -0.08551846]), array([ 9.05019459e-02, -6.20372533e-02,  9.49934870e-02,  7.65547961e-02,
        9.05628096e-03,  6.66904596e-03, -7.52118504e-02,  7.60070767e-02,
       -7.72167061e-02,  8.35013506e-06]), array([-0.06229492, -0.00515107, -0.05323767, -0.02778799,  0.04508161,
        0.04379997,  0.03807295, -0.03364216, -0.0668471 , -0.03105909]), array([ 0.02407958,  0.02880244,  0.02460116, -0.03568102, -0.03869159,
        0.12148526,  0.00776145, -0.01700334,  0.09784997, -0.08433901]), array([-0.03237182, -0.03966156, -0.03359346,  0.09957364, -0.14424788,
       -0.04547788, -0.11878912,  0.07335711, -0.07257097,  0.06986431]), array([ 0.0736627 , -0.10905337,  0.03570742, -0.10996238,  0.12454377,
       -0.12926165,  0.11725352, -0.13724081,  0.13863885,  0.03202178]), array([ 0.03309323,  0.03931758,  0.09042652,  0.08718407, -0.12117612,
        0.00276299, -0.14295309,  0.01819648,  0.03528438,  0.02660374]), array([ 0.00225753, -0.01190945,  0.11535144, -0.11642659, -0.03156616,
       -0.05356758,  0.0986279 , -0.06921455, -0.00629998,  0.04270696]), array([-0.0577328 , -0.01254418,  0.07236301,  0.04916613,  0.05146944,
        0.03864981,  0.01648985, -0.01586507,  0.03590359,  0.03267169]), array([ 0.02176184, -0.06593413, -0.05478408,  0.09692866, -0.01180728,
        0.02045906, -0.1194316 ,  0.05056598,  0.1015828 ,  0.07725639]), array([-0.07748495,  0.0133195 , -0.03852498,  0.03049988, -0.1322776 ,
        0.08938628, -0.0489441 , -0.10333744, -0.00158659, -0.13502184]), array([-0.02387621,  0.14262386,  0.0847411 , -0.02667906, -0.14007893,
        0.04083903, -0.00915882,  0.01455064, -0.08928916, -0.07234092]), array([ 0.11067015, -0.15106778,  0.04054668,  0.05934565,  0.04515345,
        0.06002206,  0.00953386,  0.02732524, -0.0439012 , -0.03198437]), array([-0.05554963, -0.02824548, -0.11211928,  0.07404724, -0.08339794,
        0.11574323,  0.04347443, -0.05214205,  0.10012647, -0.00900502]), array([ 0.07880394, -0.09388078, -0.08148307,  0.0067551 , -0.04278519,
        0.0079325 , -0.04959151, -0.09734528, -0.06478048, -0.09657618]), array([-0.02338707, -0.05814473,  0.01088986,  0.09463893, -0.04130549,
       -0.00228003,  0.08700642,  0.08433405, -0.06959808, -0.0777257 ]), array([ 0.09764931, -0.04661252, -0.06629862, -0.02078019, -0.11893184,
        0.08547254, -0.07694115,  0.06978483,  0.11820329,  0.09320665]), array([ 0.07251249, -0.09149078, -0.02250814, -0.03039396, -0.10255665,
       -0.04128984, -0.0634271 ,  0.13904493, -0.09439876, -0.02865214]), array([ 0.05467901,  0.04201244, -0.06561526,  0.01739607,  0.05222614,
        0.14092237,  0.11239132,  0.07384744, -0.069227  , -0.07968282]), array([-0.04390538, -0.10809796,  0.00155601,  0.04489322, -0.02376992,
        0.12846754, -0.09817113, -0.04759875,  0.01068837, -0.02638809]), array([-0.07310379,  0.10043068, -0.12285945, -0.04110359,  0.12249672,
       -0.08131963,  0.03037881, -0.06723719, -0.02727658, -0.00823664]), array([ 0.09398606, -0.08966833, -0.05008657,  0.00020895,  0.0597371 ,
        0.04058603,  0.07373733, -0.01498296,  0.09441503, -0.08470097]), array([ 0.02686947, -0.11318589, -0.09976155,  0.01971525,  0.00759663,
       -0.06534769, -0.07763198,  0.12054851, -0.06583102,  0.02526778]), array([-0.08929613, -0.06724026, -0.08595388,  0.02914901, -0.02252544,
        0.04247083, -0.06384157, -0.02263291,  0.05115324,  0.00474236]), array([ 0.00659997,  0.10646207, -0.01619065, -0.116018  , -0.03226231,
        0.04705739, -0.00971565, -0.02421633, -0.0483992 , -0.08067634]), array([-0.09138465,  0.10227102, -0.10265062,  0.06926264, -0.09295611,
        0.06191857,  0.07983229, -0.08379253, -0.08516864,  0.03357141]), array([-0.14790266,  0.0565404 , -0.13701181,  0.01761109, -0.02589175,
        0.03534051, -0.04846937,  0.02784141,  0.10538758,  0.08621875]), array([ 0.03039755,  0.02324755, -0.08791888, -0.08047968,  0.02428248,
       -0.03872339,  0.06491053,  0.06483621, -0.04896268, -0.00017624]), array([ 0.11395552,  0.03472706, -0.06972245, -0.06037563,  0.0582234 ,
       -0.05031649, -0.08443941, -0.09128774,  0.04584245, -0.03439491]), array([ 0.03863654,  0.00360512,  0.02223328, -0.09788347, -0.03029941,
       -0.06349249, -0.09825829, -0.08386447,  0.05882675,  0.05707731]), array([ 0.04007829,  0.04036526,  0.13588045, -0.05921941,  0.01264804,
        0.02166394, -0.0338719 , -0.11230138, -0.09910892,  0.01374021]), array([-0.02156942, -0.05097574,  0.03950057, -0.05549654,  0.0662776 ,
        0.02835689,  0.06395867,  0.08685528, -0.11219259, -0.04828153]), array([-0.01300322, -0.09834473, -0.0065811 , -0.01061242, -0.01457639,
       -0.07733509,  0.02898385,  0.12665144,  0.03674929,  0.08077464]), array([ 0.0551329 ,  0.1232165 ,  0.06739383, -0.07959245, -0.13945827,
        0.03690827,  0.1097612 , -0.07010644,  0.05647907,  0.04713598]), array([ 0.1257331 , -0.08892139, -0.07631708, -0.10091763, -0.01570293,
        0.17735055, -0.03670316, -0.03418233,  0.01546664, -0.01419158]), array([ 0.01372585, -0.08825997, -0.09059954, -0.0748598 , -0.03910462,
        0.05677423,  0.08785054, -0.00181702, -0.09580478, -0.0610067 ]), array([ 0.11921175, -0.09864338, -0.03509024, -0.09865709,  0.06798102,
       -0.02256678, -0.0523323 ,  0.09003224, -0.06071062,  0.02875633]), array([ 0.02157316, -0.06772113,  0.09042858,  0.08686168,  0.01461899,
        0.06904683,  0.02422148,  0.08384015, -0.03835481,  0.07419484]), array([ 0.0359939 , -0.01493862,  0.04510612,  0.05854598, -0.02004888,
        0.08726564,  0.03873941, -0.0766217 , -0.04508994, -0.05008186]), array([ 0.0921189 ,  0.05731374,  0.12925181, -0.10495944,  0.05689576,
        0.02762563, -0.06439838, -0.08829549,  0.04759582, -0.10713869]), array([-0.06096258,  0.08712542,  0.03617795,  0.09061477, -0.02450021,
        0.01886445,  0.08230868,  0.03846622, -0.01657117, -0.04290915]), array([-0.01410509,  0.05142129,  0.01083617, -0.1423937 , -0.00739543,
       -0.04780208,  0.14906489, -0.00225128,  0.06238258, -0.03069105]), array([ 7.20974317e-06,  5.96663342e-02,  5.86863678e-02,  1.35113341e-02,
        1.28943095e-01, -6.07165138e-02,  1.10152605e-02, -1.19400999e-01,
        5.34596764e-02, -1.99915432e-03]), array([-0.05433731, -0.10843662, -0.06600755,  0.04824734,  0.15399106,
       -0.0799514 ,  0.08130678,  0.07124909, -0.11564349, -0.02746353]), array([-0.06521089,  0.09455037,  0.07233803, -0.00226378,  0.07708177,
        0.05773114,  0.05093797, -0.05639347,  0.08287823, -0.0964302 ]), array([ 1.30353168e-01,  3.38898320e-02, -8.32147744e-02,  3.62570087e-02,
       -3.37435766e-05, -5.32111556e-03,  6.93605788e-02,  7.05808668e-04,
       -6.87856193e-02, -1.13257585e-01]), array([-0.0417922 , -0.01452007,  0.04420837, -0.09592993,  0.08333183,
       -0.00562909, -0.15890607,  0.14285231, -0.0665479 ,  0.12021193]), array([-0.07759203,  0.02556047, -0.07232693,  0.10319601,  0.07514938,
        0.04012373, -0.0131567 , -0.03005089,  0.02092338, -0.05826886]), array([ 0.08894003,  0.06893943, -0.00102876,  0.11146704, -0.07644634,
        0.06807905, -0.03619111,  0.03504575, -0.05867433, -0.13066723]), array([ 0.04414237,  0.00448736, -0.0554253 , -0.07302838, -0.09748064,
        0.12092096,  0.01911331, -0.09725425, -0.08917012, -0.08085637]), array([-0.0044564 ,  0.01721088,  0.01113957, -0.07965148, -0.07334097,
       -0.04594813, -0.03855945,  0.0748632 , -0.08814037,  0.05626624]), array([-0.07887567, -0.02836986, -0.03635612,  0.074062  ,  0.07530597,
       -0.04891536, -0.05349846, -0.07942043, -0.09866232, -0.13074598]), array([-0.04229337, -0.10244498,  0.07485825, -0.01103666, -0.07949057,
       -0.03132073,  0.01493766,  0.07935949,  0.06673552,  0.06855416]), array([-0.12904951,  0.01817653, -0.0071509 ,  0.03435117,  0.13020453,
       -0.01211594, -0.0959989 , -0.02782248, -0.02893564,  0.00395198]), array([ 0.00904738, -0.05854547, -0.08345882,  0.06121734, -0.00266836,
        0.09046376, -0.0787409 ,  0.01914122, -0.01773038, -0.03425679]), array([-0.01089366,  0.1169226 ,  0.04477672,  0.04042967,  0.08826735,
        0.07445289, -0.01833629,  0.05331439, -0.0227216 ,  0.04255242]), array([ 0.01655828, -0.05739012,  0.08846038,  0.02387606, -0.02256133,
       -0.03821268,  0.02223409,  0.05117613, -0.10385452, -0.11118014]), array([ 0.04199171, -0.06945435, -0.03479756, -0.03657275, -0.02858847,
        0.07549939,  0.01422805,  0.01980666, -0.03717587,  0.03114205]), array([-0.1098311 ,  0.01233256,  0.05791636, -0.02551023,  0.07813528,
       -0.05514635,  0.04314166, -0.02477428,  0.0837796 , -0.02323365]), array([ 0.00289831,  0.06371957,  0.06674232, -0.16005008, -0.04555274,
        0.06578984,  0.1008063 , -0.08950803, -0.08245877,  0.08030402]), array([-0.03968183, -0.03575196, -0.07704087, -0.00262261,  0.08152552,
        0.0071999 ,  0.0134706 ,  0.00116232,  0.07388027,  0.0168949 ]), array([-0.10769665, -0.03973527,  0.08576568,  0.07916764,  0.04200588,
        0.09755847, -0.0888739 , -0.03725988,  0.06560295, -0.06098054]), array([-0.04756428, -0.02218751, -0.1570488 , -0.10419598,  0.04727784,
        0.10564185,  0.05339295,  0.09184466,  0.08220373,  0.08332246]), array([-0.02336766,  0.07752316, -0.01953628,  0.12619398, -0.1073543 ,
       -0.01848126, -0.03332281,  0.03141821,  0.07437025,  0.0005903 ]), array([ 0.05064546,  0.0880812 , -0.031177  ,  0.07177662,  0.12246116,
       -0.02731506,  0.04161604, -0.08656509, -0.05257484, -0.12758487]), array([-0.01183319,  0.11716212,  0.01716513, -0.0311315 ,  0.04208556,
        0.00529343,  0.06270794, -0.01645169,  0.06620643,  0.08964948]), array([ 0.0085442 ,  0.06776925, -0.04451648, -0.0170716 ,  0.06944638,
        0.07372098,  0.03457089,  0.02342023,  0.0074555 ,  0.13830342]), array([ 0.11517478, -0.01954562, -0.07712399,  0.05820308,  0.08042106,
        0.03996478, -0.0708518 , -0.09990401, -0.05186711, -0.10794869]), array([-0.02506867,  0.02455733,  0.10399382,  0.08448296, -0.03115648,
        0.09371019,  0.0177873 ,  0.0554133 , -0.08427406,  0.05489523]), array([ 0.02787097,  0.03873706, -0.02668616,  0.12093099,  0.02512425,
        0.04167389, -0.01231655,  0.0043864 ,  0.05468458, -0.00118848]), array([-0.01106028, -0.09905909, -0.0771636 , -0.03073176, -0.04746288,
        0.0117925 ,  0.1129387 , -0.04820025, -0.08693961, -0.00331428]), array([ 0.06822382,  0.10825714, -0.08107546,  0.00935306, -0.09159128,
       -0.03968423, -0.0442788 ,  0.02256821,  0.03299956, -0.09767557]), array([-0.02643578, -0.06091421, -0.04036061, -0.00644503,  0.02798874,
        0.06250511,  0.09303922, -0.05886104,  0.05188947,  0.03045876]), array([-0.13796985, -0.00561519,  0.03418254,  0.10207329,  0.06763767,
       -0.07935621,  0.03163542,  0.05597888,  0.02507115, -0.02720573]), array([ 0.08975913, -0.08368255, -0.06887247,  0.13934303, -0.12309866,
       -0.12976327, -0.05876554, -0.02504541,  0.01557805,  0.05922319]), array([ 0.10684598,  0.09786375, -0.06653695, -0.02376325, -0.08505751,
        0.09387514,  0.08042379, -0.01041019, -0.07867691,  0.07707836]), array([-0.0874718 ,  0.06880315,  0.03421292,  0.02058419,  0.07462095,
       -0.06351382, -0.01489267,  0.06063857, -0.06607677,  0.11792326]), array([-0.10634029, -0.08235109, -0.01271754, -0.03700162, -0.05995691,
       -0.04121082, -0.11541368,  0.1160036 , -0.03763938,  0.01036061]), array([ 0.12229173,  0.01046791,  0.05089042,  0.03083927, -0.06849227,
       -0.10765326, -0.06622892, -0.0710622 , -0.01778349, -0.06297219]), array([-0.12606333,  0.1045764 , -0.12020258, -0.0995752 ,  0.12255672,
       -0.01989445,  0.10220791,  0.07196964, -0.06611516, -0.08724526]), array([-0.04271909, -0.08928057, -0.09755358,  0.06638908, -0.10688502,
       -0.0711116 , -0.14116938,  0.15661329, -0.07724428,  0.10755623]), array([-0.00345064, -0.09447734, -0.04764289,  0.04020918, -0.0694596 ,
        0.08670697, -0.08110002,  0.01830682,  0.09533945,  0.08016314]), array([-0.00320694, -0.02028994,  0.04288283, -0.02496451, -0.08627592,
        0.02794958,  0.03558404, -0.05446561, -0.01936638, -0.06197888]), array([-0.02504623,  0.03912247, -0.0972574 ,  0.09534399, -0.00740885,
        0.06285327,  0.02982858, -0.07348098,  0.04858668, -0.02766476]), array([-0.0671436 ,  0.03661129,  0.02177403,  0.05951594,  0.0686679 ,
       -0.09512947,  0.09511603, -0.00740641,  0.01121823, -0.00809102]), array([-0.01748348, -0.00111036, -0.12177215,  0.05390766,  0.08645727,
       -0.0080005 ,  0.0295433 , -0.02350894, -0.0174236 , -0.01171116]), array([-0.01820867,  0.13876298,  0.11947846, -0.11788832, -0.07670474,
       -0.01052932, -0.00998079, -0.05832132,  0.01316464, -0.09913443]), array([ 0.06256619, -0.02259373, -0.08844208, -0.07807543,  0.0624228 ,
        0.1230156 , -0.09747248, -0.1334428 ,  0.01624638, -0.04385839]), array([-0.08977577,  0.06870862, -0.03737754,  0.09287919, -0.07606381,
        0.08243311,  0.03642561,  0.02415672,  0.09308337, -0.00330784]), array([ 0.02413591,  0.09397438,  0.06533437,  0.00027725,  0.08211873,
        0.10020418, -0.07499962,  0.08934668, -0.05559957,  0.0057162 ]), array([ 0.11898555,  0.04580907, -0.09432733,  0.02706984,  0.09025024,
        0.14368209, -0.07386669, -0.10785813,  0.07043128,  0.09716598]), array([ 0.10241371,  0.01754021,  0.00345208, -0.01782048,  0.05302431,
        0.03869262,  0.03874837,  0.06804303,  0.07808945,  0.03339441]), array([ 0.09181263, -0.01014107,  0.03150185, -0.03787925,  0.08442428,
        0.12958099, -0.02199242, -0.05845229, -0.13173452,  0.0624605 ]), array([-0.10322466,  0.08362371, -0.09124613, -0.06707266, -0.0168856 ,
        0.09481664, -0.05886761,  0.0870646 ,  0.0777489 , -0.04601945]), array([ 0.09331489,  0.04078968, -0.07006822,  0.04959267, -0.02528988,
        0.02257141, -0.06495597,  0.06100786, -0.05759238, -0.05479257]), array([-0.03998879, -0.10094798, -0.0304318 ,  0.04249204, -0.04511672,
       -0.01988885, -0.0644721 ,  0.01963973, -0.00460236,  0.00429406]), array([ 0.04556539,  0.12247401, -0.05880797, -0.08667832,  0.00133122,
       -0.07512364, -0.08100054, -0.08439108,  0.00178688, -0.09213866]), array([ 0.06118022,  0.0826838 ,  0.1164199 ,  0.02381603,  0.04924204,
       -0.10498226,  0.03440792,  0.01061809,  0.02658919, -0.10788245]), array([ 0.06445299, -0.08566887,  0.04999039,  0.00710766,  0.01884156,
       -0.02654539, -0.07846664,  0.03318298,  0.08412503, -0.02065787]), array([-0.08905514,  0.04201572, -0.00672031, -0.00064548,  0.01220757,
       -0.09325985,  0.03384008,  0.0074686 , -0.05515913,  0.02010268]), array([ 0.05433572, -0.18502683, -0.04370107, -0.01576038, -0.02983208,
        0.15167911,  0.03788013, -0.02602249,  0.12271618, -0.04060686]), array([ 0.15475424,  0.02368367, -0.01509962, -0.093566  , -0.08320487,
       -0.0922949 ,  0.08440008,  0.02779277, -0.12009854, -0.01600737]), array([ 0.02933525, -0.01004517, -0.04663265, -0.0495211 ,  0.00165217,
       -0.08018643,  0.07857157, -0.09418385,  0.01679102, -0.01175656]), array([-0.05874048, -0.00178042, -0.01770181,  0.07927627,  0.01353064,
       -0.02226724,  0.04736361, -0.08273438, -0.05618509, -0.12619612]), array([ 0.04717021, -0.01493414,  0.11874083,  0.01001319, -0.09431225,
       -0.04548735, -0.01139185,  0.14330297,  0.04404327, -0.12895597]), array([ 0.01260174, -0.09329958, -0.01404085,  0.02929395,  0.04444882,
       -0.09463914,  0.08096789,  0.01855437,  0.00284474,  0.02658634]), array([ 0.06790651,  0.14841557,  0.12753322, -0.0581036 , -0.05560868,
        0.01804099,  0.01197942, -0.07410932, -0.01309486, -0.01818469]), array([ 0.09624903, -0.06162771,  0.09750187,  0.08118824, -0.02249308,
        0.12077197,  0.09050215, -0.02785335,  0.01406467, -0.04761106]), array([ 0.02229217, -0.04817211,  0.06169142, -0.06980681, -0.05963081,
        0.0217389 ,  0.04544241,  0.06063966, -0.01173604,  0.06653325]), array([-0.0396293 , -0.05224281, -0.01042157,  0.04427652,  0.0611931 ,
       -0.04671041,  0.05242266, -0.04370412,  0.0819415 ,  0.00847431]), array([-0.12049348,  0.00136317,  0.06757565, -0.02308844,  0.11214773,
        0.00947803, -0.00055596,  0.03061109,  0.00467001,  0.124743  ]), array([ 0.04904411, -0.00239995,  0.04335872,  0.09465097,  0.12112154,
        0.03586701,  0.01688093, -0.10733642,  0.12426985, -0.07195966]), array([-0.04468062,  0.00277238,  0.06193098, -0.12809525, -0.08168519,
       -0.0658267 , -0.14280093,  0.17364042,  0.10946899,  0.08780727]), array([-0.03096226, -0.05917341,  0.03448079, -0.02564696, -0.04812558,
        0.06971022, -0.03028586,  0.10998855, -0.03061525, -0.00544314]), array([ 0.04142971,  0.10412261,  0.10624176, -0.08964937,  0.06638972,
        0.02779113,  0.1563805 , -0.13479746,  0.01213349, -0.07242899]), array([-0.14429109, -0.12890625, -0.0720676 , -0.02685086,  0.18389079,
        0.09552831, -0.03581015,  0.08111212, -0.12906637,  0.12849466]), array([ 0.03674088, -0.03834217,  0.00217717,  0.11639995,  0.06082999,
        0.03279352, -0.01008528,  0.01550414,  0.04637334, -0.00195986]), array([ 0.08091211, -0.04240029,  0.0216282 , -0.06865104, -0.07930146,
        0.04888349,  0.12041866, -0.01660041, -0.08729058,  0.0255297 ]), array([-0.08283992, -0.15754696,  0.007545  ,  0.09609461, -0.14385923,
       -0.07860949, -0.08589096,  0.03937613,  0.12934028, -0.02252897]), array([-0.12504504,  0.0673277 ,  0.01371473,  0.0314148 ,  0.1110868 ,
        0.1325673 ,  0.13746971, -0.1254921 , -0.05349525, -0.04880642]), array([-0.12026171,  0.02816971, -0.03708509,  0.06341053,  0.05986074,
       -0.04612468, -0.14396853, -0.03867307,  0.07900802,  0.1658952 ]), array([-0.11548527, -0.02502696, -0.07164531, -0.02795955,  0.03205207,
       -0.07045471,  0.09253301,  0.00108023,  0.08507   , -0.00942591]), array([-0.0142919 , -0.00272644, -0.12842782, -0.0358533 ,  0.06773108,
        0.02683363, -0.13528542,  0.05412411, -0.05634365, -0.02389505]), array([ 0.12398317, -0.03521665,  0.09378664, -0.09904212,  0.02288756,
       -0.04926914, -0.0110584 ,  0.05537808,  0.01292736,  0.07622314]), array([-0.09434453, -0.11284136, -0.05992384,  0.05001919,  0.0906487 ,
        0.05141668, -0.01874917,  0.13740692,  0.0431523 , -0.02259866]), array([ 0.04655273, -0.04478095,  0.07179275, -0.07479095,  0.03768047,
        0.023203  ,  0.0605497 , -0.06052707, -0.11053545, -0.06314995]), array([-0.08685604, -0.06638698, -0.03012925,  0.05779693,  0.07240459,
       -0.07450438, -0.08596958,  0.04160806, -0.06231127, -0.02223804]), array([-0.05040969,  0.07327172, -0.08391819, -0.0579759 ,  0.04608368,
       -0.01290738, -0.02009205,  0.00887906, -0.06176026, -0.05770623]), array([ 0.06990891, -0.09503552,  0.0261818 , -0.0317598 , -0.07078209,
        0.01202748, -0.0335473 ,  0.1510024 ,  0.01980392,  0.00734748]), array([-0.03286302, -0.08122759,  0.08122962,  0.06541228, -0.0268957 ,
        0.10713594,  0.06034008, -0.09429104,  0.05792938,  0.01644535]), array([-0.10934471,  0.09524361, -0.01016403, -0.10707945,  0.10158391,
        0.0967416 ,  0.09270303,  0.05540294,  0.05845559, -0.06808289]), array([-0.04292064,  0.07382742, -0.04965265, -0.02668386,  0.05776324,
        0.09188334,  0.03706308, -0.04720789,  0.08819302,  0.06230788]), array([-0.02976493, -0.10882177,  0.00838328, -0.03090608,  0.08651504,
        0.06039579, -0.06479273, -0.10665234,  0.13136335, -0.08121464]), array([-0.02561138, -0.07187659,  0.08269149, -0.01808084,  0.02084412,
       -0.03725795, -0.00287915, -0.07501109, -0.10309327,  0.10601464]), array([-0.1260348 ,  0.17027693, -0.02100422,  0.09169896, -0.09972587,
        0.01812729, -0.0210595 ,  0.09664469,  0.00066858, -0.01548778]), array([-0.07309527, -0.05802403,  0.0759146 , -0.00509546,  0.08501913,
        0.02668739, -0.06734526,  0.09129959,  0.07191752,  0.08415826]), array([ 0.0060173 ,  0.14400596, -0.06293576, -0.11800347,  0.06761989,
       -0.00622783,  0.05166716,  0.11248074, -0.02071239, -0.02543698]), array([-0.07311193, -0.09209786,  0.06978924, -0.04960653,  0.05841843,
        0.07473971, -0.11914386,  0.19659038, -0.12832265,  0.08422265]), array([-0.13052687, -0.10609056, -0.03346326,  0.02370887,  0.09320384,
       -0.02946436,  0.06960394, -0.06590214,  0.03219259,  0.08854433]), array([ 0.03848599,  0.08144413,  0.07213821,  0.02966776,  0.01952161,
       -0.07881864,  0.10630143, -0.05900946,  0.01176203, -0.01225952]), array([ 0.00099911,  0.01718802,  0.07052674, -0.02492702, -0.08074136,
       -0.08069955,  0.09206733,  0.04241909, -0.06745514,  0.07791391]), array([-0.07277914, -0.14358197, -0.00529013, -0.14104275,  0.09540151,
       -0.02611771,  0.19904144,  0.05784383, -0.10613448, -0.00535943]), array([ 0.07914125, -0.05782403,  0.06399047,  0.00948786,  0.04242398,
       -0.04923408, -0.05843634, -0.02151245, -0.10490646,  0.01784402]), array([-0.01523699,  0.01798651,  0.06799499, -0.01338708, -0.09090664,
        0.00579652,  0.07834296,  0.06383631,  0.0889291 ,  0.02653325]), array([ 0.03849019,  0.00212066, -0.01835846,  0.06951222,  0.07766847,
        0.0443605 ,  0.02704062, -0.02646489, -0.03586595, -0.08982939]), array([ 0.0445139 ,  0.05713969, -0.03241835, -0.03938612, -0.02352193,
       -0.03117277,  0.08702635,  0.01186902,  0.08764721,  0.05595897]), array([ 0.04572091,  0.00236586,  0.10872665, -0.00520778,  0.01886441,
       -0.11573383,  0.05390331, -0.09824655,  0.00783024, -0.0695572 ]), array([-0.02071335, -0.08016472,  0.09561998,  0.06424318,  0.09419089,
       -0.06812692,  0.00314771, -0.0585276 ,  0.06594359, -0.10261369]), array([-0.0279858 ,  0.04040379,  0.06307275, -0.08581358,  0.07976294,
        0.09550472, -0.02310364,  0.03835436,  0.07886762, -0.0848931 ]), array([ 0.06942242, -0.10224513,  0.1128392 , -0.02123008,  0.05820065,
        0.02618891,  0.00132029,  0.06930791, -0.01635488,  0.0210621 ]), array([ 0.03379586, -0.06836289, -0.02170605, -0.07671708, -0.07308315,
        0.11747615, -0.04146544, -0.10334769,  0.09325632, -0.03231408]), array([-0.00728747,  0.02215018,  0.04182055,  0.04378084, -0.1005619 ,
       -0.02408089,  0.05831913, -0.03465194,  0.01484108, -0.05986286]), array([ 0.17645622,  0.01506952, -0.040763  , -0.01207573, -0.05776442,
        0.09132753, -0.04584981, -0.0010064 ,  0.03901429, -0.10540901]), array([ 0.05804203,  0.0468261 , -0.02747438, -0.00915627,  0.04783358,
       -0.06789319,  0.01654042,  0.11305356, -0.06067151,  0.01415897]), array([-0.06855062, -0.07134642,  0.03685098,  0.09071114, -0.03567032,
        0.0945538 , -0.01174733, -0.09344497, -0.04951266,  0.05341504]), array([-0.07902088, -0.10598194,  0.12656376,  0.01197404,  0.08392175,
        0.1408967 ,  0.06841484,  0.06286576,  0.060002  , -0.03587212]), array([ 0.01362676,  0.05094396,  0.01078864,  0.07676797, -0.0320755 ,
        0.0484412 ,  0.0075578 , -0.02069395, -0.00089293,  0.07846479]), array([ 0.1608891 ,  0.03904653, -0.07281812, -0.08482484, -0.04475482,
       -0.07536316, -0.03428509,  0.0568519 , -0.05979689, -0.0710888 ]), array([-0.00541235,  0.01766965,  0.00191195, -0.05902233,  0.1264423 ,
       -0.06055269, -0.06798467, -0.11899966,  0.04958597,  0.14749314]), array([ 0.01491482, -0.05133426, -0.05865914,  0.03302423, -0.05211805,
        0.04800569, -0.08351607,  0.09148118, -0.05159765,  0.08467418]), array([ 0.07536718,  0.09847074,  0.00889296, -0.04871051, -0.05878283,
       -0.02610455,  0.03959076,  0.05967556,  0.03192025, -0.04276782]), array([-0.08472411, -0.05097859,  0.06184514,  0.01886291,  0.00985035,
       -0.0534543 ,  0.02694568, -0.05384505, -0.03823148, -0.07483926]), array([ 0.07980756, -0.04360794,  0.10978035, -0.0229118 , -0.00488972,
       -0.07261702, -0.02588252,  0.07072057,  0.03992584,  0.03061094]), array([ 0.11515175, -0.07638316,  0.04789267,  0.09539252, -0.13859703,
        0.02916743, -0.06980245,  0.10297158, -0.0576743 , -0.09027273]), array([ 0.07188058,  0.01563059,  0.06075516, -0.03295504,  0.00483151,
       -0.02376218,  0.10295577, -0.10986574, -0.03311436, -0.1019423 ]), array([-0.03654675, -0.01895852,  0.14223726, -0.05046655,  0.06744758,
        0.00863188, -0.06976801,  0.04707875, -0.11101744, -0.00841451]), array([-0.02705453,  0.00623445,  0.05346707,  0.01894903, -0.04369395,
       -0.02007207, -0.0570296 ,  0.03188543,  0.0552476 , -0.08255379]), array([ 0.0144676 ,  0.05758498,  0.08505609,  0.05349551, -0.014437  ,
       -0.03988105, -0.09848464, -0.06837182,  0.00918458,  0.06879614]), array([ 0.05326839, -0.06491569, -0.00418774, -0.04475343,  0.13928704,
        0.08880539,  0.11976741,  0.04968413, -0.12011575, -0.09347685]), array([-0.03858282, -0.00942742, -0.04012385,  0.04508286, -0.08755593,
       -0.00420428, -0.05563055,  0.10841415, -0.11565493, -0.09544173]), array([-0.0157454 ,  0.00877685, -0.08532345,  0.00054969,  0.10728561,
       -0.00451513, -0.13312053, -0.08612994,  0.03489575, -0.05140487]), array([ 0.05545539,  0.04038077, -0.04401509,  0.03603101,  0.11585955,
        0.13746489, -0.1136656 , -0.13061494,  0.12783686,  0.0615635 ]), array([-0.13162369,  0.14170217,  0.17928923,  0.06522509,  0.07924035,
       -0.1660272 , -0.0068805 , -0.02128158,  0.06690521, -0.11623826]), array([ 0.00200857,  0.00367925,  0.01638086,  0.03663249,  0.08726562,
        0.04247967, -0.03171451,  0.06367046,  0.06444899, -0.00130161]), array([-0.11173569, -0.10670376,  0.12370421, -0.02252384, -0.01984816,
        0.08079118, -0.00427833, -0.0684104 , -0.02834206,  0.12314824]), array([-0.00150203, -0.08638171,  0.03309712, -0.00100485,  0.06020497,
        0.0390757 ,  0.05490047,  0.00361163, -0.04958831,  0.05623988]), array([-0.0853277 ,  0.04550874,  0.0897198 ,  0.0202091 , -0.10152247,
       -0.05716758, -0.0016039 ,  0.04207797, -0.0618635 ,  0.04476293]), array([-0.11713975,  0.00429186,  0.08298701, -0.03899889, -0.09973   ,
       -0.0969971 , -0.16704744,  0.11667583,  0.06361866, -0.07522356]), array([ 0.07470035,  0.12700116, -0.04590279, -0.08666129,  0.01601528,
       -0.08948698,  0.09296452,  0.00953386,  0.06105275,  0.07838578]), array([-0.08100101, -0.02225537,  0.09081999, -0.06984151,  0.06716994,
        0.06742955, -0.04366236,  0.08399561, -0.00053553, -0.06342951]), array([-0.10660102,  0.04156947, -0.12100939, -0.00680073,  0.05655803,
        0.10917371,  0.04453171,  0.1246944 ,  0.08924236,  0.1268265 ]), array([ 0.18577028, -0.14485797, -0.0153106 ,  0.08646776, -0.07146423,
        0.15338712, -0.09809333, -0.01491082,  0.03595131, -0.09335416]), array([-0.02940872,  0.07928276, -0.02017438, -0.07582756,  0.19492934,
       -0.06624163, -0.01381993,  0.10760329, -0.07098637, -0.0064751 ]), array([-0.08877906,  0.17272027, -0.05889829,  0.05795258, -0.00823545,
        0.11673173,  0.06202766, -0.10433961,  0.01220343, -0.04439569]), array([ 0.03109606, -0.02196335, -0.00365122,  0.01452083,  0.04030349,
       -0.05062374,  0.01435815, -0.07367944,  0.05401231,  0.06186032]), array([-0.08470219,  0.0332629 , -0.06674115,  0.00484702,  0.07851624,
        0.03268184, -0.08724218,  0.10258121,  0.03886135,  0.1164749 ]), array([-0.09423426,  0.05933339, -0.00055734, -0.0465824 , -0.06683433,
        0.10010374, -0.07276096, -0.02113038,  0.00524832, -0.09968634]), array([-0.00420027, -0.08883897,  0.06051989,  0.09167047,  0.07011383,
        0.06770415,  0.02892448,  0.07910656,  0.04424746,  0.07500575]), array([-0.08161152,  0.08250142,  0.080759  ,  0.03070349,  0.02479048,
       -0.00902803, -0.01486585, -0.0535506 , -0.06690483,  0.06127922]), array([-0.00039812, -0.11054654,  0.01284831,  0.13501207, -0.14704209,
        0.11831798,  0.06696875, -0.05832456, -0.02551442,  0.05446138]), array([-0.01670456,  0.09003634, -0.00295578, -0.04892151,  0.13943686,
       -0.07227456, -0.0625911 , -0.09521559, -0.01369597,  0.09793631]), array([-0.0094545 , -0.02416424, -0.07773777, -0.09148544, -0.04219803,
        0.04957944, -0.04043586,  0.11508488, -0.07668285,  0.09928475]), array([-0.03711372,  0.12160778,  0.01250427, -0.02372519, -0.09816913,
        0.00892042,  0.16142235, -0.05720837,  0.00536653, -0.15335953]), array([-0.05556661, -0.066516  , -0.10068262, -0.10356735,  0.03025897,
       -0.08870909,  0.08531134,  0.02922861,  0.08169377,  0.12963622]), array([ 0.08344225, -0.08387349, -0.01924505,  0.07999048,  0.08311793,
       -0.04787533, -0.11434647, -0.00510919, -0.01095355,  0.08804781]), array([-0.02749945, -0.03451045, -0.07543425, -0.01642357,  0.03926961,
       -0.05593995, -0.01299782,  0.05403327,  0.04488309,  0.06706431]), array([-0.06196789,  0.1156473 ,  0.05001553, -0.07385714,  0.03802541,
       -0.08777955, -0.0069308 , -0.00381233, -0.05340363, -0.05869874]), array([ 0.00095386, -0.04482011, -0.05537791,  0.05727731,  0.05961998,
       -0.00431518,  0.02401418,  0.10755957,  0.07871476, -0.09692299]), array([ 0.07226706, -0.04089335, -0.10271452,  0.03991131,  0.03834035,
       -0.0569214 ,  0.07418708, -0.04946094,  0.0196374 , -0.03713712]), array([ 0.0972289 ,  0.05280083,  0.00482287, -0.0051931 ,  0.09662285,
        0.0464896 , -0.06715015,  0.09257493,  0.04023528,  0.08123871]), array([ 0.11110779,  0.06329715,  0.06488204,  0.03106416,  0.01063589,
       -0.0381903 ,  0.01277108, -0.00519838,  0.06401727,  0.07195507]), array([ 0.07103035, -0.01942882,  0.10908723, -0.01788801, -0.02049986,
       -0.03676179,  0.12557154, -0.10139213, -0.08868016,  0.05953244]), array([ 0.02521334,  0.06268837,  0.09915086,  0.06095428,  0.03305482,
        0.09285555, -0.03936489,  0.01614636, -0.02555995, -0.07649937]), array([-0.09046545,  0.07069283,  0.00583628,  0.02989448,  0.03008718,
       -0.09964963, -0.03387145,  0.0875775 , -0.13911256,  0.02764135]), array([-0.08854309,  0.02042362,  0.03920968,  0.03424252, -0.08827063,
        0.08884236,  0.00418208, -0.10457806, -0.0796098 , -0.00643657]), array([-0.02438393, -0.01301569,  0.09903404, -0.01417634,  0.07957379,
        0.06392006, -0.10414371,  0.0089331 ,  0.14055266, -0.08667808]), array([ 0.01588125,  0.11057176, -0.02869524, -0.01801034,  0.02929417,
        0.04326322,  0.08546704, -0.07058997,  0.02507071,  0.07280209]), array([ 0.09870561,  0.05135983, -0.04271425,  0.00800998, -0.03215518,
        0.04368172, -0.08087394,  0.03858572, -0.02706761,  0.07581733]), array([ 0.01609843, -0.05920531,  0.01895112, -0.02376532,  0.02654629,
        0.02159612, -0.11328108, -0.02017357,  0.07264616, -0.09448637]), array([-0.10862863, -0.03066828, -0.08098183,  0.15680292, -0.06304332,
       -0.01547278, -0.14961683, -0.04013995, -0.01222168,  0.05001073]), array([-0.05593715, -0.01084375, -0.00739671, -0.0553368 , -0.01859791,
        0.03376085, -0.10702667, -0.03605912, -0.05857445,  0.10501241]), array([-0.05879539,  0.05578555, -0.01421955,  0.06204604, -0.0747723 ,
       -0.08354322, -0.02015264, -0.02332513,  0.09233985, -0.09823165]), array([-0.09639149,  0.03572829,  0.07928418,  0.10884991, -0.08432645,
        0.0821217 , -0.01503989, -0.01951613, -0.09759236, -0.07098885]), array([-0.10598754,  0.02814516,  0.07025219,  0.00840587,  0.0559029 ,
       -0.00761927, -0.05676147,  0.05826399,  0.07140606, -0.04272448]), array([-0.04136146,  0.02253047,  0.06725366, -0.02201336, -0.03638576,
        0.01490079, -0.04115048, -0.04964699, -0.08150507, -0.11471331]), array([-0.07344629,  0.00747013,  0.00264207,  0.03034419,  0.01975381,
       -0.02032736, -0.08924789,  0.0199231 , -0.06510885, -0.06979583]), array([-0.09413815,  0.06130778, -0.05640442,  0.09718535,  0.01669369,
        0.02806195,  0.02934082,  0.04966292,  0.05295783, -0.11545035]), array([-0.11025077, -0.01585186, -0.05847429, -0.04640618,  0.00317267,
       -0.15647848, -0.1073534 ,  0.14684244, -0.07922326,  0.1343181 ]), array([ 0.00182367, -0.05352376,  0.04218422, -0.07447659, -0.06277957,
       -0.05345744,  0.08690017,  0.04028998,  0.01988668, -0.04921528]), array([-0.1343087 , -0.03685696,  0.16179447,  0.11808427,  0.06002078,
       -0.04638155, -0.05051041, -0.10511205,  0.08897517,  0.06416579]), array([-0.08765549, -0.11477243,  0.04519053, -0.055889  , -0.04290546,
        0.06745349,  0.04396599,  0.03992268,  0.03155848, -0.062722  ]), array([-0.00613656, -0.07320304,  0.0492603 , -0.05983271, -0.08075474,
        0.03543633,  0.01781157, -0.03562032, -0.06323096, -0.0296711 ]), array([-0.03648483, -0.01011625,  0.08183022,  0.05023992, -0.0052908 ,
        0.14501486, -0.08727237,  0.11616674, -0.00528878, -0.07712139]), array([ 0.03618093, -0.0941606 , -0.0684809 ,  0.00556028,  0.15191504,
       -0.0953723 ,  0.07912579, -0.08416797, -0.04742265, -0.07468412]), array([-0.00475486,  0.07792817,  0.07693096,  0.08819801,  0.04813859,
       -0.05730177, -0.05166764,  0.05014562,  0.03589289,  0.06022875]), array([-0.0028208 , -0.03470502, -0.03698138, -0.06016497, -0.05133352,
        0.05112744,  0.02158646, -0.0879703 ,  0.02165612,  0.02605515]), array([-0.0851965 , -0.04387121, -0.00370532,  0.01621636,  0.07782409,
       -0.0172056 , -0.07289283, -0.07816871, -0.11493769,  0.09056251]), array([ 0.07190826,  0.1023559 , -0.12183527, -0.06083643, -0.08590801,
       -0.0278528 ,  0.07161762,  0.06511575,  0.04286635, -0.05093347]), array([ 0.06063631, -0.02660869,  0.06247852,  0.07886961, -0.0878481 ,
        0.00760889, -0.02392154,  0.08544308,  0.07599919,  0.00302946]), array([ 0.05231469, -0.08688918, -0.0595059 ,  0.09848487, -0.03101888,
        0.05928694,  0.14428048, -0.13996913,  0.09685418, -0.16566131]), array([ 0.0711068 , -0.04254182,  0.00207197, -0.00200523,  0.02185794,
       -0.1089123 , -0.11454519, -0.05626238, -0.01473105,  0.09751268]), array([-0.06809253, -0.07884472,  0.10002159,  0.11672416, -0.11193877,
        0.10073601,  0.16499283, -0.07879873, -0.09009117, -0.04189137]), array([ 0.00187245,  0.01695778, -0.04781687,  0.0181528 ,  0.01205027,
        0.0661808 , -0.06433357, -0.03612335, -0.03201522,  0.08519772]), array([ 0.07383327, -0.03675089, -0.06004569,  0.05780612, -0.01722622,
        0.0083804 ,  0.07698314,  0.05458986,  0.01277585, -0.0578309 ]), array([ 0.09200667, -0.03836979, -0.01708763, -0.05785646,  0.01136295,
        0.15056092, -0.00687126,  0.01899682,  0.05819706, -0.1267194 ]), array([ 0.09217994, -0.11296566, -0.0608159 ,  0.0637068 , -0.0363496 ,
       -0.08856694,  0.0169139 , -0.06403451,  0.04240114,  0.08741318]), array([ 9.81623580e-02, -3.47138582e-02,  2.12672042e-02, -7.33480476e-02,
        3.87635615e-02,  3.37855497e-02, -5.41924230e-02, -7.84615512e-02,
       -1.97428951e-05, -1.40226831e-03]), array([ 0.05472515,  0.1151678 , -0.12099312, -0.04509491, -0.12243027,
       -0.04066503,  0.00069304,  0.05082373,  0.06506431, -0.03472721]), array([-0.07604532,  0.02871806,  0.01291016, -0.01483142,  0.0352498 ,
        0.06928467,  0.02568991,  0.05532762,  0.01429145,  0.06236636]), array([-0.00110903, -0.01568046,  0.02361322,  0.0047377 , -0.04147924,
        0.01639952,  0.02091312, -0.05454397,  0.1223507 , -0.06193112]), array([ 0.03377305,  0.0084341 , -0.08493586,  0.00634808, -0.06526684,
        0.18005717,  0.02199311, -0.0083055 , -0.10450824, -0.09769822]), array([ 0.05791054,  0.00885715, -0.00509314, -0.00744489,  0.08942506,
       -0.02969529,  0.07944288, -0.03358995, -0.00788611, -0.02455515]), array([ 0.06221942, -0.10998295,  0.12010409,  0.1191212 , -0.12135439,
        0.10106983,  0.01184167, -0.06972198, -0.05123352, -0.02155175]), array([-0.03861238, -0.12261163,  0.12138258,  0.04335393,  0.04988285,
       -0.0373158 , -0.05136804, -0.02327259,  0.08641032, -0.07550958]), array([-0.07788625, -0.00185794,  0.10813578, -0.08367698,  0.05616474,
       -0.06297439,  0.05552976,  0.13718984, -0.05404042, -0.00222545]), array([ 0.05056254,  0.11096571, -0.1182744 ,  0.08366966, -0.05114853,
       -0.1105017 ,  0.10250742, -0.05746136, -0.09689127, -0.02928739]), array([-0.04508424, -0.04970916, -0.01691006, -0.06946559,  0.01951398,
        0.09373551, -0.04353717,  0.09174724, -0.08467493,  0.06057628]), array([ 0.1212706 , -0.06728599,  0.09461052,  0.0711473 , -0.07939225,
        0.06696702, -0.04426256, -0.04557216, -0.05511546, -0.09083385]), array([ 0.05880435, -0.00933395, -0.10574628, -0.08092775,  0.110085  ,
       -0.01137683, -0.0419411 , -0.05047734, -0.05523051,  0.11388977]), array([-0.03769544, -0.03166075,  0.0038637 , -0.0924211 , -0.07115008,
       -0.03491551, -0.08060327, -0.07918347,  0.02578599, -0.01728655]), array([-0.03156229,  0.08522212, -0.03063645, -0.00583518,  0.00906418,
       -0.04671286,  0.03280062,  0.02933772,  0.13079038,  0.0258883 ]), array([-0.01196639,  0.04541371, -0.10746434, -0.15069751, -0.10923619,
        0.071993  , -0.04322456,  0.10759416,  0.11608238,  0.07698279]), array([-0.02651239,  0.07808279,  0.0122535 , -0.04537459,  0.00339765,
       -0.07756847,  0.02092197, -0.08439102, -0.09955522,  0.13891062]), array([-0.00657484,  0.05081507, -0.01873432,  0.06517964,  0.03763628,
       -0.0102122 ,  0.10572355, -0.10680136, -0.05406223,  0.04235298]), array([ 0.0098202 , -0.17250481, -0.00638021, -0.01594862,  0.11561389,
        0.01516637, -0.01431864, -0.02523188,  0.05296075,  0.08881516]), array([ 0.01054293,  0.09743075, -0.10641229,  0.01497632,  0.10085944,
        0.00354509,  0.10019364,  0.00156796, -0.01535007,  0.07417212]), array([ 0.03116956,  0.00240474,  0.01595942,  0.09053398, -0.03580877,
       -0.11900817,  0.07667534, -0.01382751, -0.05849158,  0.024922  ]), array([ 0.1343278 , -0.00100097, -0.09872378, -0.02376568,  0.05006989,
        0.10391124,  0.1481812 , -0.013222  , -0.09942664,  0.18462377]), array([-0.05608404, -0.1004551 , -0.0251447 , -0.05444145,  0.00280109,
        0.1163932 , -0.01007997, -0.09908887,  0.0714217 , -0.06677728]), array([-0.03843492, -0.05117132,  0.02169685, -0.10998852, -0.02531206,
       -0.03775832, -0.04627546,  0.13488517, -0.00762007, -0.03821471]), array([ 0.07019988, -0.09874858, -0.11568772,  0.00213896, -0.15755441,
        0.07286704, -0.1587429 , -0.02073164, -0.00754126,  0.09678587]), array([ 0.09842826,  0.07047493,  0.00166963,  0.09257785, -0.01369516,
       -0.10164197,  0.00561205,  0.11533534, -0.1524381 ,  0.06120456]), array([ 0.07208871, -0.03495194,  0.08142785,  0.05094813,  0.07995959,
        0.09476516, -0.02445666, -0.06753576, -0.07051272,  0.06559012]), array([-0.09007772, -0.06779256,  0.04091145, -0.01112372,  0.04341395,
       -0.07681961,  0.01354103,  0.0148666 , -0.05215734, -0.03428935]), array([ 0.02082625,  0.03541398,  0.0010107 ,  0.05808321, -0.06539247,
       -0.08859085, -0.04304946,  0.06175784,  0.05936199,  0.02015834]), array([ 0.09709779,  0.11314957,  0.02753966,  0.02537551, -0.03370372,
       -0.05267577, -0.12285826, -0.03354742, -0.00727682, -0.02494754]), array([ 0.04998452,  0.06606368,  0.09223804,  0.01386644, -0.01874906,
       -0.04156814,  0.08046073, -0.0745183 , -0.09909599, -0.07222082]), array([ 0.03065161, -0.08859235,  0.00067547, -0.02645714,  0.06318502,
        0.03918753, -0.01740569,  0.11235052, -0.01124748,  0.03071365]), array([ 0.01281849, -0.1064235 , -0.06005363, -0.07123009, -0.01717082,
        0.02125059, -0.11155515, -0.07424263, -0.01844805, -0.12579509]), array([ 0.01623346, -0.00511311, -0.09546937, -0.01671522,  0.03760139,
        0.10719975,  0.07395726, -0.10759536,  0.04678128,  0.04426433]), array([-0.02984362, -0.09097083,  0.08861207,  0.05674797, -0.08756813,
        0.03982595, -0.01452717,  0.06455841, -0.11172145,  0.06742414]), array([-0.03870381, -0.02447124, -0.09295798,  0.06741716, -0.03056128,
       -0.02245399, -0.07564569, -0.04247933,  0.09622496,  0.0526499 ]), array([-0.14889348,  0.08063572, -0.07272108,  0.08985912,  0.12895077,
        0.07336942, -0.02437369, -0.14256761,  0.02957519,  0.02017875]), array([ 0.00611626, -0.02411227, -0.082433  ,  0.09671742, -0.03214439,
       -0.05106435,  0.06130739, -0.01707407, -0.09656317,  0.02615038]), array([-0.04179905,  0.05644904, -0.06553249, -0.05420669,  0.04270425,
        0.08258546, -0.02163006,  0.00354102, -0.05406243, -0.02430201]), array([ 0.02491325, -0.08671389,  0.09610043,  0.03703876,  0.07818934,
       -0.09269641,  0.07892449,  0.07073754, -0.10012082,  0.03770723]), array([ 0.01601879,  0.00797957,  0.06866585,  0.02532442, -0.00124239,
       -0.00669729, -0.07272417,  0.1175452 , -0.06059806, -0.03521304]), array([ 0.02039989, -0.02319339,  0.01104749, -0.07723704, -0.05641189,
       -0.02217988, -0.08076599,  0.00238842, -0.02768535,  0.05656016]), array([ 0.08289755,  0.09853835,  0.00812237,  0.08219597, -0.08207984,
       -0.05775423, -0.00608842,  0.08883305,  0.06639306,  0.07809476]), array([-0.07696659, -0.06147444, -0.09471352, -0.09381349,  0.12048087,
       -0.04178625, -0.00616272,  0.04987442, -0.02779244, -0.04736312]), array([-0.0991331 ,  0.00180775,  0.07895469, -0.08096505, -0.01938245,
       -0.02604226, -0.06843214, -0.0941242 ,  0.02018136,  0.04991261]), array([-0.04971406,  0.17678905,  0.02263678, -0.06263889, -0.19418119,
       -0.04224058,  0.00188664, -0.00687389,  0.13873094, -0.12022774]), array([ 0.00226945, -0.08175621,  0.00305025,  0.10477413,  0.02971728,
       -0.02278317, -0.07655459, -0.09496369, -0.00223195, -0.06872398]), array([-0.10569272, -0.07439231,  0.01207942,  0.09255923, -0.07631675,
       -0.04302037,  0.07611026,  0.03413943,  0.01932918,  0.03205255]), array([ 0.11672994, -0.12358296,  0.14808654,  0.01982293, -0.11876517,
       -0.0971198 ,  0.10622972,  0.08789573,  0.04008209,  0.02414262]), array([ 0.10472606, -0.05581032,  0.09965368,  0.00388741, -0.03908856,
       -0.00167979, -0.11662514,  0.04551927,  0.0602205 , -0.06852497]), array([-0.10500922, -0.06096464, -0.07430928, -0.06868391,  0.11303665,
        0.14968843,  0.08246657, -0.13733749, -0.02702135,  0.00125032]), array([-0.09658869,  0.14924927,  0.08756132, -0.00103649,  0.0090987 ,
        0.01633928, -0.02944496, -0.10604993,  0.02202304,  0.04955425]), array([ 0.0266221 ,  0.01983501,  0.09723309, -0.08017654,  0.11177427,
       -0.08749382, -0.083869  ,  0.07696081, -0.10051832, -0.10674555]), array([ 0.07987149,  0.03673114,  0.04113822,  0.13650656, -0.08296739,
        0.07739933, -0.00649165,  0.03814613, -0.05912344, -0.06569684]), array([ 0.05444264,  0.00101898,  0.00895797,  0.00316498,  0.04933261,
       -0.0228388 ,  0.09576859, -0.05747886,  0.00757945,  0.0852041 ]), array([ 0.07056338, -0.10075402,  0.01749556,  0.01151151, -0.02189316,
        0.00491867,  0.07948723,  0.13307049, -0.0090949 , -0.07267485]), array([ 0.08502051,  0.08428918,  0.00089885, -0.0337215 ,  0.0469519 ,
       -0.01126397,  0.04309381, -0.06572055,  0.03351603,  0.00122949]), array([-0.02258385,  0.05165552,  0.0234478 ,  0.02545781,  0.07015904,
        0.01071891, -0.03141292, -0.01327123, -0.01924907, -0.10234687]), array([-0.02065781, -0.02706968, -0.06347734, -0.06582046,  0.01467502,
        0.06966775, -0.07295082, -0.10913632,  0.08488359,  0.03519157]), array([ 0.00778317,  0.0106289 ,  0.04405548,  0.08994   , -0.05263367,
       -0.04772361, -0.0125683 ,  0.16044335, -0.00223496,  0.03602131]), array([-0.02186202, -0.08818431, -0.12260716,  0.05341466, -0.05954022,
       -0.0304649 ,  0.12141118, -0.06196902, -0.09379736,  0.06716366]), array([ 0.08350804, -0.05761316, -0.08444784,  0.05870467,  0.0202916 ,
        0.00232574, -0.05817827,  0.03341209,  0.00525891,  0.02503091]), array([-0.08839214, -0.06439386, -0.03335482,  0.14580584, -0.10946478,
        0.11110463, -0.09717089, -0.09126403, -0.07803968, -0.01732166]), array([-0.05327148, -0.07379167, -0.0859701 ,  0.0986133 ,  0.07398424,
        0.04461074,  0.02013335,  0.01589808, -0.08136445,  0.08789642]), array([ 0.05993698, -0.01042126, -0.08295718, -0.03409969, -0.05751635,
        0.0081436 ,  0.0405246 , -0.12120269, -0.00848299, -0.05314855]), array([-0.04544794,  0.14021294, -0.11284289, -0.04496137, -0.03139253,
       -0.11417564, -0.09953483,  0.06196459, -0.01671615,  0.01098266]), array([-0.05424111,  0.10315578, -0.01398573, -0.02591815,  0.14926643,
        0.08613577, -0.06862969,  0.07841881,  0.00921129,  0.10116553]), array([ 0.05796371,  0.13190409, -0.10392469, -0.00685697,  0.08067511,
       -0.09067252, -0.03162249,  0.06925208,  0.01841441,  0.02351084]), array([ 0.05814108, -0.01797019,  0.10535577,  0.06579137, -0.04111393,
        0.11728168,  0.12942095,  0.01121334, -0.12430374,  0.02493963]), array([-0.07528285,  0.12145659, -0.11841065,  0.00090335, -0.13498722,
        0.10264344, -0.03295946,  0.02004321, -0.09426433, -0.00802265]), array([-0.12780172,  0.08558266, -0.06290181, -0.09207816, -0.06181197,
        0.08247622, -0.04190081, -0.0335778 ,  0.13238711,  0.01556221]), array([ 0.037147  ,  0.08134694, -0.07094154, -0.13663546,  0.07408587,
       -0.02929014,  0.05047867, -0.09607233,  0.1214014 , -0.00932261]), array([ 0.10004515, -0.07125792, -0.05575366, -0.02060453, -0.05690321,
        0.10177387,  0.06119193,  0.00227108, -0.00802553,  0.07959913]), array([ 0.03904611,  0.02934742, -0.01297068,  0.01082339,  0.06635146,
       -0.0417718 ,  0.08042713,  0.00843298,  0.03292755, -0.08863017]), array([ 0.10495091, -0.07904724, -0.15622585,  0.05970182,  0.03646527,
        0.01314076,  0.11446349,  0.07306477, -0.09042011, -0.06788661]), array([-0.08477229, -0.07136754, -0.09744936,  0.10692496, -0.00388097,
        0.08860613,  0.00129127,  0.05583953,  0.0733174 , -0.0397152 ]), array([-0.14019563,  0.02962195, -0.05893474, -0.09629517,  0.11536791,
        0.05979716, -0.09541115,  0.11012368,  0.02137328, -0.04187102]), array([ 0.06573695,  0.11112723,  0.08455369,  0.00568485, -0.00864035,
       -0.01074422,  0.02786537, -0.04085144,  0.05068386,  0.09840962]), array([-3.44757261e-02, -4.30031389e-02, -1.24586937e-02,  1.38514114e-01,
       -8.94932471e-02, -5.62955639e-02, -8.54699274e-05, -2.03629229e-02,
       -5.08928857e-02, -4.31007380e-02]), array([ 0.02228303, -0.03587531, -0.10193561, -0.08319551, -0.09430636,
        0.0206075 , -0.00309292,  0.01317096, -0.00338282, -0.03542612]), array([-0.05198251,  0.0999529 , -0.02999141,  0.15396247,  0.0711694 ,
        0.01763949, -0.03205326,  0.03947754, -0.13042952,  0.03955859]), array([ 0.06030166, -0.08924299, -0.02507812, -0.13422815,  0.02714297,
        0.05195689,  0.12072244, -0.18134507, -0.0570426 ,  0.02211603]), array([ 0.09935998,  0.03601608, -0.02957332, -0.11583508, -0.14455101,
        0.13406441,  0.00204294,  0.00649153,  0.12016428,  0.10434305]), array([ 0.05434848,  0.06919271,  0.08007324, -0.07106274, -0.01384932,
       -0.02875591,  0.07224564,  0.04851089, -0.09913871,  0.10575305]), array([-0.04617339,  0.07561356,  0.0352946 ,  0.00739086, -0.03480451,
       -0.08924196,  0.13779802, -0.00583396, -0.1258954 , -0.00693859]), array([-0.09614804,  0.07535727,  0.03911733,  0.05194487, -0.03215025,
        0.00258027,  0.0413411 ,  0.09350051, -0.10357783,  0.00504849]), array([ 0.03289614,  0.10207431,  0.03673258,  0.06112291,  0.06262367,
        0.0782059 ,  0.00330867,  0.06313585, -0.06663014,  0.07600546]), array([ 0.02770937,  0.01350906, -0.03666939,  0.04611077, -0.04225543,
        0.0964608 ,  0.0551472 ,  0.09839793, -0.07016769, -0.0058454 ]), array([-0.0481165 ,  0.02817711, -0.0061234 , -0.08489316, -0.03758006,
        0.04238131,  0.00611954,  0.06789606,  0.05668616,  0.00720884]), array([-0.05438058, -0.0393723 , -0.06225803,  0.03083546, -0.00452628,
        0.06886879,  0.08202633, -0.07221769, -0.01427847,  0.02943266]), array([-0.00624596,  0.01679838, -0.09021815,  0.08448262, -0.06294478,
       -0.01751359, -0.01251908,  0.08507384, -0.08104318,  0.08689194]), array([-0.10935205, -0.10301088, -0.09416636,  0.02821891, -0.06236575,
        0.00119688,  0.07745284, -0.10118238,  0.0217757 , -0.06687204]), array([-0.04809564,  0.0075363 ,  0.13924881,  0.04010576, -0.02526117,
       -0.08614706, -0.12846802,  0.05445615,  0.15369537, -0.01851384]), array([-0.0517454 , -0.12410827,  0.05270562,  0.09728215,  0.03662647,
       -0.05175154, -0.01342192, -0.05239521, -0.03146006,  0.16495129]), array([ 0.04314076, -0.04750557, -0.08083219,  0.06943944,  0.06093401,
       -0.0649439 , -0.06543085,  0.1152036 , -0.08331788, -0.10631246]), array([ 0.09479743, -0.04904196,  0.08120651,  0.05026979, -0.01308244,
       -0.08299119, -0.05518195,  0.01183682, -0.10509928,  0.14684364]), array([ 0.03643248, -0.01950864,  0.12405477,  0.01236467, -0.10284554,
        0.12107838,  0.11476149,  0.05204102, -0.04316039, -0.0280763 ]), array([-0.04959282,  0.07022834,  0.05017082, -0.05095005,  0.02926998,
       -0.08821077, -0.03459805,  0.10038595,  0.0856225 ,  0.07530446]), array([-0.03734593, -0.01026306, -0.00469287, -0.02658126, -0.02790079,
       -0.04258744, -0.12785337,  0.02405321, -0.09311513,  0.13275823]), array([-0.02481911,  0.03101559, -0.1127476 , -0.13080177,  0.13440456,
       -0.08146402,  0.12345475, -0.1036557 ,  0.10282333,  0.11042521]), array([-0.05402465, -0.12701444, -0.07293703,  0.02464528,  0.00988683,
       -0.06048445,  0.03869668,  0.10233778, -0.00307754,  0.08331168]), array([ 0.06243822,  0.08430615, -0.03772832, -0.00419139,  0.04481328,
        0.08859566, -0.08729562,  0.06475051,  0.00907098,  0.08141445]), array([ 0.08430127,  0.04494288, -0.03855812,  0.09006811,  0.11000545,
       -0.09881453, -0.0923495 , -0.06461645, -0.09523343,  0.05405346]), array([ 0.05695968,  0.08747325, -0.06772073, -0.08437786,  0.07032779,
        0.09323383, -0.11031896,  0.06603058, -0.05241838,  0.06480992]), array([ 0.02735932,  0.06881902,  0.03135978, -0.08604816,  0.04044465,
        0.08726827,  0.00789653,  0.01877761, -0.07318073, -0.0312955 ]), array([-0.05731101, -0.06997557,  0.08631836, -0.08563916, -0.03742644,
        0.02205028, -0.07555251, -0.02923229,  0.04898246, -0.03767754]), array([-0.06671404,  0.10917116,  0.09136225,  0.1139705 , -0.11743347,
       -0.11660531,  0.00982895,  0.02977434,  0.07426924, -0.12637099]), array([ 0.0306795 , -0.05374817,  0.10134699, -0.06343388,  0.04554173,
       -0.15539335, -0.0237912 , -0.00081847, -0.00118614,  0.14368382]), array([ 0.01934219, -0.09867106, -0.09386602,  0.03908394,  0.03515747,
        0.11971449,  0.08771928,  0.08351625, -0.01233406, -0.04537453]), array([-0.05073559, -0.05831141,  0.05347627,  0.04589599,  0.07283927,
       -0.0782997 , -0.03172565,  0.08292743, -0.09446277, -0.01954848]), array([ 0.09728147, -0.04181626,  0.04284204, -0.06662308,  0.03411328,
        0.05307383, -0.08337354,  0.00675219, -0.01589331,  0.06164855]), array([ 0.10767777, -0.01658163,  0.14546075, -0.00582057, -0.07275553,
       -0.0962647 ,  0.14090256, -0.06472901, -0.09116993, -0.15601672]), array([ 0.0843851 , -0.08351338, -0.010093  , -0.06488147,  0.07699845,
        0.0510378 ,  0.07441344, -0.02467647, -0.08706236, -0.04646696]), array([ 0.0992752 , -0.14636143,  0.01338244, -0.01136103,  0.10460713,
        0.10093812, -0.03361574, -0.08287308, -0.0127866 ,  0.00881553]), array([ 0.07278044,  0.06257201, -0.01623809,  0.05575669, -0.09112457,
        0.01914927,  0.08290315,  0.07203805,  0.09843864, -0.07494331]), array([-0.06867038, -0.05871941, -0.1667163 ,  0.0581522 ,  0.1275808 ,
        0.15272908, -0.07237131,  0.0176196 ,  0.00193558,  0.00964482]), array([ 0.09031925,  0.08488565,  0.0452364 ,  0.04006653,  0.07321993,
        0.02431879,  0.06584384, -0.03375909, -0.09206654,  0.02796561]), array([ 0.03711119, -0.03558958, -0.01657786, -0.0874181 ,  0.10425583,
        0.08558438,  0.0326458 , -0.10916656,  0.06794603, -0.06505652]), array([ 0.0518859 , -0.07691826,  0.01840211,  0.08011777, -0.03731512,
        0.05551394, -0.10787001,  0.00323543, -0.12867108,  0.06544914]), array([ 0.01072382, -0.03798663,  0.06295329,  0.08626815,  0.08738199,
        0.01720701,  0.04743769,  0.01267031, -0.00514813,  0.06345228]), array([ 0.12028017, -0.18225506,  0.10305515,  0.05205488, -0.13870134,
       -0.06813752,  0.04907622,  0.0498564 ,  0.07007145, -0.05483236]), array([-0.0090643 , -0.04564407, -0.00661474, -0.03110566, -0.06201065,
       -0.0789773 , -0.02976279,  0.14216791, -0.05190689,  0.02213472]), array([-0.06311373, -0.11720986,  0.08776242, -0.11104378, -0.06952011,
       -0.0627278 ,  0.04980437, -0.07960532,  0.04974136,  0.08338429]), array([-0.03416645,  0.03270569, -0.08745394, -0.09937212,  0.08265539,
        0.08615159, -0.05593539,  0.06885563,  0.13376271, -0.04870345]), array([-0.07484857,  0.06818026,  0.03427486,  0.0601117 ,  0.04076702,
       -0.07105068,  0.01380106,  0.0339186 , -0.03488905,  0.08751544]), array([ 0.03411614, -0.08930571,  0.09638144,  0.04777728, -0.03116775,
       -0.12355753,  0.03040858,  0.11453964, -0.05240772, -0.04155527]), array([-0.00700156,  0.04429102, -0.07783254, -0.07291795, -0.08727657,
        0.02062541,  0.02840798, -0.02639023,  0.00136266, -0.08775522]), array([-9.94260150e-02, -7.20006903e-02, -9.09438383e-03, -6.70342436e-02,
       -6.11947498e-02, -3.92160388e-05,  8.48541255e-02, -6.59087723e-02,
        8.99493455e-02,  6.98687267e-02]), array([ 0.03136842,  0.02154718, -0.01860064, -0.09724163,  0.07466761,
       -0.00117341, -0.08348256,  0.03067838,  0.08208016,  0.03063712]), array([-0.11377087,  0.05966536, -0.04209339, -0.04345878,  0.12768158,
       -0.06743545,  0.09356396,  0.02045197, -0.03777763,  0.06486161]), array([-0.08753226, -0.09052518, -0.02045507,  0.10787969,  0.05015035,
        0.02546843, -0.10465495, -0.04193651, -0.01879051,  0.097978  ]), array([-0.05632038,  0.00695477,  0.06775653, -0.08821031,  0.08267071,
        0.04292047, -0.05835715,  0.08169325,  0.01738207, -0.00474408]), array([ 0.12113801,  0.05007387,  0.08397604,  0.02432229, -0.08519048,
        0.0626789 , -0.12480641,  0.01438542,  0.00766346, -0.10122844]), array([-0.08546205, -0.03955262, -0.04260169,  0.01946034, -0.02039663,
       -0.02743472,  0.00845478,  0.11591703,  0.03802476,  0.02226739]), array([ 0.02778568, -0.09572096,  0.09357996, -0.02330699, -0.03784003,
       -0.03185554, -0.01405523,  0.01100189, -0.04129947,  0.01024634]), array([ 0.05217209, -0.04560863,  0.03984083,  0.00974234, -0.05385575,
       -0.0114055 , -0.09711883,  0.05416275, -0.0501205 ,  0.01663188]), array([-0.11425542,  0.0590612 , -0.09525516, -0.05652485,  0.10985287,
       -0.11022963, -0.05101693,  0.03079439, -0.15351372,  0.15613543]), array([-0.06491834, -0.01109242, -0.03265453,  0.00686588,  0.07753013,
       -0.03370469, -0.04101299, -0.03032495, -0.01136767,  0.07940891]), array([ 0.07272529, -0.05927262, -0.00224387, -0.02744132,  0.02370465,
        0.03064769, -0.05911259,  0.0449867 , -0.06237241, -0.03183322]), array([ 0.10881806, -0.09211051,  0.00071358,  0.04061354,  0.0734487 ,
        0.02226186,  0.09475698, -0.0830778 , -0.00625093, -0.06735521]), array([ 0.09989766,  0.06461831,  0.05157073, -0.09601391,  0.04814893,
       -0.02616712, -0.04697245, -0.07737402, -0.04469648,  0.0567048 ]), array([ 0.10774001,  0.11855377,  0.07054028, -0.00393155, -0.02366314,
       -0.04205714, -0.04422621,  0.05484285,  0.05946854, -0.12417871]), array([-0.10908091, -0.08372238,  0.00789247, -0.04652785,  0.01798667,
       -0.03532958,  0.02902386, -0.00980223,  0.02378704,  0.07553167]), array([ 0.06893994,  0.07802544,  0.0095075 ,  0.02277884, -0.11048075,
        0.02162506, -0.00668557,  0.10710732,  0.02976264, -0.04649122]), array([-0.05552298,  0.06099856,  0.00443586, -0.0945667 ,  0.10169451,
       -0.04286313, -0.01382076,  0.0778763 , -0.09250059, -0.06745497]), array([-0.06578868, -0.00126365,  0.00249075, -0.01565267, -0.01893694,
        0.05026015, -0.07346108, -0.01976891,  0.03055883, -0.03238934]), array([-0.07152299,  0.11153391, -0.03215011, -0.02051127,  0.01528149,
        0.09201406,  0.00825988, -0.0467611 ,  0.02141119, -0.02385161]), array([-0.01722978, -0.1007341 ,  0.10281102, -0.01432074, -0.04719485,
       -0.08581384, -0.03802688,  0.0002566 , -0.05502327,  0.04451897]), array([-0.19416744,  0.02239247,  0.07922657,  0.13073167, -0.0202473 ,
        0.08880546,  0.04644653,  0.02389521,  0.10694487, -0.10814257]), array([-0.03903608,  0.01136359,  0.05947212, -0.03948966, -0.05102169,
       -0.0353816 , -0.09163339,  0.02822591, -0.03601316, -0.09751877]), array([ 0.09899435, -0.04229247,  0.15094646,  0.05993835,  0.06787534,
       -0.0392176 , -0.06366315, -0.07274723,  0.06375714, -0.07748929]), array([-1.13327621e-01,  8.93527759e-02, -6.29890822e-02,  1.03526021e-01,
       -7.57319882e-02, -4.83867755e-02, -1.20277632e-01,  8.24373431e-02,
        8.79475664e-02, -6.75787052e-05]), array([ 0.05687745,  0.10795476, -0.00130775,  0.08480775,  0.00479954,
       -0.00651363,  0.11105136,  0.02331805,  0.02898982, -0.00374301]), array([-0.15622978,  0.23691114, -0.07281183,  0.1207302 ,  0.06052631,
       -0.08604634, -0.11065463,  0.05468837,  0.06727605, -0.10386473]), array([ 7.30502642e-03, -7.32348194e-02,  1.11159445e-01, -1.12281988e-01,
       -1.05933756e-06,  4.91225561e-02,  1.31093391e-01,  9.25523461e-02,
       -1.34491634e-01, -6.83667147e-02]), array([ 0.1362461 ,  0.07436019, -0.08891895, -0.13729028, -0.03957264,
       -0.00425   ,  0.1116154 ,  0.00681544,  0.04869067, -0.01329145]), array([ 0.07760498,  0.09189274, -0.06685181, -0.00554128,  0.02820882,
        0.04583206,  0.02360553, -0.01526558, -0.01202313, -0.04233857]), array([-0.03825767,  0.12269362, -0.06019968,  0.15683813, -0.05304223,
       -0.01542608, -0.08130549,  0.02123006, -0.08978099,  0.02778913]), array([-0.01717568, -0.00046935,  0.04572416, -0.09395493, -0.00872904,
        0.07182902, -0.0765821 , -0.02719589, -0.08107652, -0.00734538]), array([ 0.00680237, -0.00136532, -0.0785409 ,  0.15974357, -0.04366292,
        0.0617235 , -0.10332951, -0.01422682,  0.0839705 , -0.06367213]), array([-0.06758774, -0.05216564,  0.05083628, -0.04135442, -0.09027849,
        0.06029304,  0.04942949,  0.00559794, -0.08244144, -0.09351859]), array([-0.0192309 ,  0.12397478,  0.00973468, -0.07878721,  0.00055664,
       -0.05818149,  0.09505008, -0.04707601,  0.02284176,  0.0184705 ]), array([ 0.1012754 , -0.14643385,  0.03246137, -0.10145799,  0.08332296,
        0.08885241, -0.05415144, -0.09931908,  0.09978425, -0.02013579]), array([ 0.04041742,  0.05332879, -0.05295198, -0.02366313,  0.10294957,
        0.0065603 ,  0.04065786, -0.04695385, -0.06580935, -0.07831242]), array([-0.09117107, -0.07563916,  0.04192996,  0.09585033,  0.05862511,
        0.05644196, -0.02908129, -0.07634505, -0.10827924, -0.08577506]), array([-0.02846932, -0.0700414 ,  0.00880821,  0.07508468,  0.0886351 ,
        0.01150817, -0.02727099, -0.07312263,  0.00925186, -0.03103042]), array([-0.11584899, -0.06167449,  0.06749197, -0.00873923,  0.01591559,
        0.09970719, -0.08075115, -0.01520119, -0.07794432,  0.08712085]), array([-0.04597443,  0.01656358,  0.02808787, -0.07328011,  0.00721403,
       -0.07937749,  0.05687033, -0.02814494,  0.09250578, -0.0719682 ]), array([ 0.0541894 , -0.01397107, -0.08623442, -0.00602898, -0.09050827,
        0.00376795, -0.09694717,  0.13652261,  0.06614346,  0.14102559]), array([ 0.0318903 , -0.07495433, -0.01271469, -0.03958535,  0.03856007,
        0.06620058, -0.01354097,  0.06146581,  0.07439031, -0.02212242]), array([-0.1142241 ,  0.18515489,  0.16217731, -0.09830836, -0.04184185,
       -0.01689976, -0.00998798, -0.03102517, -0.05808488,  0.09179539]), array([ 0.11629032, -0.00464793,  0.06443869, -0.03993864, -0.0570912 ,
        0.11093449,  0.0204543 , -0.06383041,  0.00596884, -0.04258982]), array([ 0.04191683, -0.0663977 ,  0.02529948, -0.03338317,  0.03934957,
        0.05977833, -0.10310529,  0.02873186, -0.04011522, -0.05367132]), array([ 0.08768732, -0.08236087, -0.10120979,  0.07844804,  0.04237008,
       -0.01739179,  0.01965659, -0.08842674, -0.03390703,  0.0237119 ]), array([ 0.0630951 ,  0.03492573, -0.08655885, -0.00993602, -0.01932076,
       -0.01709145,  0.102219  , -0.10496369,  0.00405588, -0.06571461]), array([-0.07959512, -0.11205763,  0.09187981,  0.01619197, -0.02837215,
       -0.15046778,  0.08330704, -0.04821304, -0.049661  , -0.04665613]), array([ 0.02400205, -0.07752326,  0.06704722, -0.1051278 ,  0.06120959,
        0.0330183 ,  0.06635639, -0.03916028, -0.03155152, -0.17048024]), array([-0.10577385, -0.05016116, -0.01105335,  0.01935628,  0.12945581,
       -0.08161779, -0.05800933,  0.06291445, -0.06278942,  0.15927686]), array([-0.04595145, -0.02040127,  0.10196028, -0.00651854, -0.12422535,
        0.07084653, -0.08985463,  0.08000966,  0.08332972,  0.05066057]), array([ 0.00396074, -0.03696839, -0.05231313,  0.04279461, -0.13968089,
        0.11224621,  0.0095828 ,  0.04285142,  0.06617882, -0.09762869]), array([ 0.041732  , -0.09845457, -0.10426663, -0.10391181, -0.04149227,
       -0.0376879 ,  0.03922677,  0.05888659, -0.09995845,  0.03254909]), array([-0.06926431,  0.04186515,  0.10387476, -0.0965131 ,  0.04165221,
        0.06499224,  0.03347408,  0.00232724,  0.04199861, -0.05569894]), array([-0.03703065, -0.13623108, -0.08002139,  0.1023045 , -0.0290652 ,
        0.09934276,  0.05326303, -0.13725598,  0.098767  ,  0.00269676]), array([-0.08393575,  0.05707114,  0.06651329,  0.02626028,  0.0464902 ,
        0.05039923,  0.04135703,  0.05488541, -0.03934408,  0.01771896]), array([ 0.13160847,  0.10764984,  0.07263629,  0.01743946,  0.03617095,
        0.09304661,  0.16903855,  0.02545888, -0.10141389,  0.03720236]), array([-0.01407504,  0.01698228, -0.12515376,  0.10788694, -0.06823624,
       -0.03885258, -0.00206541, -0.026861  ,  0.0194226 , -0.02079118]), array([-0.03028447,  0.03966396,  0.11141528,  0.0891225 , -0.03454257,
       -0.06281909, -0.0389014 ,  0.0794092 ,  0.06931574, -0.12724264]), array([ 0.13384293, -0.01727769,  0.16052905,  0.10950593, -0.14590001,
        0.06261884,  0.06083704, -0.13807575,  0.1418032 , -0.16620074]), array([ 0.08150305, -0.04699497, -0.11915634,  0.01795311,  0.07060743,
        0.08009286, -0.05470606,  0.01539352,  0.11872597, -0.07386559]), array([-0.0711902 ,  0.00085038,  0.02669007,  0.07268558,  0.01514116,
        0.03760081,  0.09721016,  0.0275973 , -0.01283743,  0.01266071]), array([ 0.07124134,  0.06392249,  0.01239578,  0.07249699,  0.04706075,
       -0.06842256, -0.03071638, -0.03478673,  0.01554082,  0.03334636]), array([ 0.0586022 , -0.03308091, -0.10933065, -0.04553296,  0.03416219,
       -0.07085845,  0.08433272, -0.00368214,  0.04745659, -0.00094832]), array([ 0.16157013,  0.01849375,  0.06501644,  0.00105706,  0.07307883,
       -0.11968192,  0.11322966, -0.0784973 ,  0.08429053, -0.04462281]), array([ 0.0515053 ,  0.09480855,  0.05708555, -0.00500833, -0.07659407,
        0.05575609,  0.05334428,  0.05628316,  0.02517825,  0.09988536]), array([-0.01563171,  0.0096495 ,  0.00147886, -0.0864761 ,  0.04085148,
        0.01534266, -0.04710457,  0.02559883,  0.03118415, -0.03772068]), array([ 0.04512011,  0.05983232,  0.16875403,  0.09048595,  0.02959698,
       -0.09576811,  0.09181703, -0.03707972,  0.01328788, -0.10647252]), array([-0.02684568, -0.06821313,  0.063046  , -0.01512813,  0.07854501,
       -0.16652558,  0.0716533 ,  0.01836316,  0.05291112,  0.06521906]), array([-0.05047619,  0.02223097,  0.10529385,  0.03273727,  0.0309859 ,
        0.03815636, -0.05845619,  0.00556039, -0.02896884,  0.01470974]), array([ 0.14098296,  0.02616893,  0.00900498, -0.14044849, -0.09640055,
       -0.06009145,  0.01330008,  0.07555612, -0.11937834,  0.09006027]), array([ 0.06319198,  0.07979573,  0.07383881, -0.03153225,  0.00749271,
        0.03377912,  0.06539918, -0.08942745,  0.04902588,  0.00276299]), array([-0.06172119, -0.00919505, -0.07684294,  0.04117511, -0.06611853,
       -0.07689369, -0.02553928, -0.01580223,  0.04891568, -0.06565764]), array([ 0.03729682,  0.08058838,  0.08499581,  0.05933166, -0.0459374 ,
       -0.09429073, -0.08287819,  0.08245775, -0.06177188,  0.06227335]), array([-0.05818211,  0.08516316, -0.01440934, -0.00718441, -0.05863389,
        0.0051542 ,  0.06887043,  0.1339649 ,  0.05838381,  0.02399155]), array([-0.03200331, -0.00931888,  0.09281062, -0.0296039 ,  0.06180685,
       -0.00464592, -0.0167034 , -0.12594319,  0.04713003,  0.10840267]), array([ 0.00326294, -0.03152928,  0.19790501, -0.03683931, -0.07633841,
       -0.09107839,  0.12164434,  0.06147148, -0.09820463, -0.11864131]), array([-0.09935497,  0.10237785, -0.0698637 ,  0.05811022,  0.070832  ,
       -0.01948008, -0.04111712,  0.10804465, -0.12267102,  0.123129  ]), array([ 0.05874452,  0.050427  ,  0.059035  , -0.0486994 ,  0.10778139,
       -0.07961406,  0.06946759,  0.09270846,  0.0778745 , -0.01450271]), array([ 0.12374868,  0.01967753,  0.01159331,  0.00475284, -0.08847143,
        0.09226596, -0.08542091, -0.12145255,  0.10585744, -0.02413943]), array([ 0.0920987 , -0.01246634,  0.01166508,  0.02018267,  0.09405496,
        0.02560464,  0.08651045, -0.08069227, -0.06428613,  0.02103331]), array([-0.07117654,  0.15093327, -0.05314392,  0.01669757, -0.04810944,
        0.10396809, -0.09129001, -0.08412178, -0.08964213, -0.09973772]), array([-0.09345009, -0.02502753, -0.08935407,  0.09360149,  0.16183433,
       -0.05254496, -0.07826959,  0.13175017,  0.00226206,  0.0284506 ]), array([-6.07384079e-02,  1.38298813e-01,  8.75047982e-03, -7.19449770e-02,
       -4.45707586e-02, -9.42164942e-02,  3.46563742e-02, -1.08866369e-01,
        7.72403666e-02, -4.45735418e-05]), array([-0.09698882, -0.01274223, -0.07050556,  0.0300382 ,  0.16530811,
        0.0120944 ,  0.10807759, -0.04408905,  0.00539643,  0.00705084]), array([ 0.08541088, -0.02821145, -0.10864979,  0.11171365, -0.06324977,
        0.10953178, -0.18125931,  0.10128079,  0.07862398, -0.10150626]), array([-1.15878284e-01,  1.26999200e-01, -6.67442625e-02,  6.78123998e-05,
       -6.96953892e-02,  1.02302447e-01, -7.43634925e-02,  8.13820294e-02,
       -4.58130253e-03,  1.13045089e-02]), array([-0.02152539, -0.09018237, -0.0888323 , -0.01194815, -0.09276928,
        0.00558721, -0.02978821,  0.06348655,  0.03867179, -0.11351459]), array([-0.00944999, -0.07080264, -0.12232541, -0.12037171,  0.04194928,
        0.04925291,  0.13238803, -0.13493242,  0.07482054, -0.01583817]), array([-0.03608918,  0.08135362,  0.06876248, -0.08080496, -0.0480031 ,
        0.12789976,  0.03334989,  0.05997742, -0.07525961, -0.07393964]), array([ 0.02432633, -0.07550187,  0.05306935, -0.08265762,  0.01923202,
        0.05404468,  0.11413893,  0.0587907 ,  0.02360765,  0.03297538]), array([-0.08475751, -0.05205715,  0.02015124,  0.07351184,  0.10930332,
        0.08744648,  0.05383309, -0.01150803, -0.13663963,  0.12084112]), array([-0.00452883, -0.03936061,  0.01304013,  0.03124185,  0.06811124,
        0.04212703, -0.00820834, -0.01364268, -0.01069335, -0.09753193]), array([-0.12717461,  0.00565226,  0.0974772 ,  0.14958209, -0.10458044,
        0.06993539,  0.00064931, -0.04826935,  0.05919131,  0.01559243]), array([-0.07274634, -0.10900987, -0.08721573,  0.04063436, -0.05334371,
        0.00673041,  0.08210375,  0.06152453, -0.12483912,  0.04513767]), array([-0.08428288,  0.04205541,  0.05718981, -0.03307982, -0.09615656,
        0.05092817,  0.01586249,  0.02146201, -0.0732001 ,  0.06841751]), array([ 0.03835293,  0.08365026, -0.03885197, -0.00756721,  0.0602066 ,
       -0.08835846, -0.00093082,  0.15968685, -0.02082269,  0.14531031]), array([ 0.08940568,  0.11990002,  0.10951376,  0.07771506, -0.05322459,
       -0.04485314,  0.03309745, -0.07570441,  0.00601855, -0.01477348]), array([-0.15113782,  0.08018534, -0.08422695,  0.17005219,  0.0403965 ,
       -0.01940481, -0.07727277, -0.14716037,  0.06097992, -0.00391478]), array([-0.06087683, -0.05914282, -0.06135084,  0.09421108,  0.06612422,
        0.04313735,  0.03104922,  0.02150586,  0.00946679, -0.07377508]), array([ 0.12744654, -0.10037809,  0.04801964,  0.07199838, -0.01947455,
        0.06086397,  0.01028697, -0.04458135, -0.04860153,  0.03335526]), array([ 0.06240041, -0.08315415,  0.0046598 ,  0.05014691,  0.00968139,
       -0.07966561, -0.06333201,  0.04439647, -0.13083398,  0.04445952]), array([ 0.00484582,  0.06861268, -0.02187722,  0.09735505,  0.06286091,
       -0.14220603, -0.05508126,  0.01183898,  0.06315703, -0.11601392])] 

 Bias:
[array([-0.03954064]), array([0.0436242]), array([-0.0118445]), array([-0.02528689]), array([0.00981426]), array([0.04785589]), array([-0.0082875]), array([0.03297427]), array([-0.04649195]), array([-0.00281714])]